-0.51651471
-0.47258483
-0.041063746
-0.052817045
-0.39560202
-0.11948798
-0.27259786
-0.36292735
-0.51789276
-0.48688594
-0.70129184
-0.25389247
-0.17712228
-0.75695858
-0.10851221
-0.31439636
-0.49256982
-0.11404512
0.049131453
-0.77602392
-0.27416167
-0.022528759
-0.045460502
-0.12242369
-0.3398362
-0.44397133
-0.62268716
-0.17373237
-0.87135026
0.98318654
-0.16864182
-0.19003756
-0.03040625
-0.53673143
-0.77722932
-0.34951157
-0.66919761
-0.33435818
-0.090794103
-0.098981764
0.22197254
-0.68430261
-0.7233682
-0.27444459
-0.29984905
-0.18962618
-0.54598844
0.094765398
-0.68804547
-0.45693608
-0.60963068
0.26451688
-0.41644221
-0.21290371
-0.2630746
-0.17100953
-0.79162392
-0.24751794
-1.004341
-0.76224556
-0.35138631
-0.15598051
-0.68641884
-0.47263445
-0.25182031
-0.34923935
-0.40036879
-0.15993333
-0.015922581
0.18810876
-0.12721528
-0.17024819
-0.40240295
-0.40309038
0.13844527
-0.16216846
-0.61681667
0.14102889
-0.38650546
-0.52226435
-0.15348254
0.60697222
-0.0078993091
1.0005886
0.47523391
-0.61834739
-0.82824154
-0.39398212
0.051086119
-0.027604553
-0.099583766
-0.0021105742
0.32519364
-0.47980394
-0.080377158
-0.023509767
-0.48052479
0.083421846
-0.56045745
-0.40745468
0.012452235
-0.48910567
-0.66907684
-0.1464236
-0.15038337
-0.84196031
-0.3747601
-0.52490443
-0.034531359
-0.31408008
-0.72939581
-0.075320634
-0.28026272
-0.66946587
1.414149
-0.54301739
-0.12916747
-0.068294404
-0.17427116
-0.15876222
-0.18053385
-0.39048337
-0.76635983
-0.33676881
-0.76079995
-0.32373923
-0.51688911
-0.66778679
-0.41030541
-0.74208212
-0.24985454
-0.40099401
-0.31263228
-0.60832543
-0.5205063
-0.32270038
0.37097247
0.10272082
-0.43426006
-0.05750009
-0.13752928
0.0015718102
0.66480351
1.0000815
0.99954229
-0.18789684
0.99988878
-0.57336236
0.99960166
1.0007887
2.6314824
0.56645216
1.3738852
1.0155879
0.5385678
0.08217925
0.50478753
0.9997004
0.99979793
3.3571971
0.78361832
-0.023109995
-0.082460036
-0.12812581
0.60133248
-0.026706812
-0.5899318
0.33233132
0.32262596
0.14263395
1.5046593
-0.35607655
0.39524065
-0.7171456
0.84251347
1.5403725
0.24189552
-0.53587928
-0.43261408
-0.20623714
-0.091207364
-0.51642922
-0.53855956
0.65524044
0.85054711
0.36721579
0.12617048
0.85285588
1.0294059
0.010113554
0.26497792
-0.32517987
-0.71370035
1.508037
0.32727902
0.17858175
0.9994005
1.2918418
-0.3509367
-0.049703456
-0.40868123
-0.48166935
-0.11986464
0.71161979
0.53136046
1.0002971
-0.41082864
0.99948698
0.047857693
1.5548745
1.0001026
-0.093823109
-0.17551909
0.99959351
1.1119135
1.0004828
1.2216185
1.9874481
1.0004304
-0.4376393
0.87602028
0.99967987
1.0002923
0.99960563
0.98823614
2.4368123
1.8548308
-0.21249991
0.12815808
0.66899362
-0.51516565
0.14318528
-0.36170055
0.058939622
0.12665216
-0.42580415
0.82091725
0.42037642
-0.2843166
2.527771
1.0002133
-0.26388864
0.079008463
0.80476976
0.14717112
-0.079940382
0.069171571
-0.5574308
0.99982715
-0.26009615
-0.1274951
-0.26331665
0.024681972
-0.18334443
0.86834377
0.074660742
0.12685635
1.0005357
-0.24053102
0.18494479
-0.57438379
0.47897684
0.93639586
2.4971929
0.62832645
-0.40203336
-0.53942445
0.025468377
-0.038703391
0.0041856845
0.22359861
0.51160563
-0.20253409
1.6354788
-0.55515336
1.00068
1.0005684
0.97744633
0.46424168
1.8494949
-0.042934768
-0.30409131
0.65377039
-0.15684487
0.99973262
-0.41236613
-0.38565536
0.054993444
0.79570209
0.20610513
-0.30409131
0.27264195
1.8072507
3.2350132
-0.49709182
0.85021385
0.71250592
1.7157345
-0.477864
2.496018
0.99946035
0.076803242
1.429187
1.1368044
0.99927972
-0.18177667
-0.14980568
-0.68944681
-0.48627872
-0.29656273
-0.38758734
-0.080869716
2.5845187
0.4342472
0.9622734
-0.26698785
0.80241896
1.0003139
0.038120964
1.0002054
-0.13022398
0.92521935
-0.01302789
-0.65479373
-0.062140145
0.54225365
0.5301141
1.0008727
1.0004375
-0.013937163
0.57215592
0.0089476475
3.1903175
1.2232104
-0.18719226
0.87761213
3.4086988
0.046036482
0.94174328
0.99964701
0.99988301
0.022664867
1.1275082
0.99941779
1.5327366
-0.43815706
0.098523505
-0.046454999
0.084876607
0.51304624
1.2853845
0.76476233
1.5893826
-0.27728487
0.21482868
1.1567964
0.16846837
1.5202356
-0.32303738
1.0057098
1.31402
1.2206105
1.7142705
0.99937194
0.99997571
0.38121891
0.97488125
-0.021343894
-0.59745221
1.9873475
-0.65642341
1.0006837
0.80932712
0.33373938
0.34248366
-0.43312997
-0.50756113
0.35144624
0.99948215
0.014007957
0.65266028
1.5443429
4.137454
0.20377191
1.4502296
0.17239008
-0.25954906
3.3092285
0.79964853
0.37612792
0.49105011
0.5977066
2.2550756
-0.10086253
2.6858503
1.5492738
1.0004721
1.0002776
5.3340428
1.3226781
4.2621652
1.1140322
1.0003419
3.3560941
1.2450408
2.049839
2.0934396
1.4586932
2.8797674
0.42165568
1.9138446
2.5692737
0.99944333
1.1554673
0.91349704
0.99971913
1.1211959
0.99932765
0.96375203
0.27723675
1.0007132
0.81348506
0.24423883
0.99917778
3.3201154
0.99946915
0.13101876
-0.18327953
0.020388479
-0.29382952
-0.014892044
-0.013311308
1.4303924
0.3425258
-0.13962586
0.98668287
2.134038
0.14428248
-0.4172695
0.9996459
-0.19209554
1.4217245
1.0000063
0.89048479
1.391502
0.19492328
3.3379283
0.70178252
0.44869435
3.0159803
0.99953286
5.7626655
0.99962351
1.1140887
-0.28779741
1.0012279
0.84239651
0.41873157
3.589255
-0.10232175
0.9996
0.99965819
0.99949075
0.42695751
1.0003857
0.27098944
0.75194274
1.5500242
0.0051688698
1.301691
0.00041254046
1.000309
-0.58617387
-0.054138442
-0.69593406
-0.45709189
-0.61473734
-0.31900462
-0.14678684
1.4410746
-0.20787585
-0.69588149
-0.060267695
-0.26118489
-0.4219867
-0.17441592
0.92271723
0.98625401
-0.12035163
1.0002413
-0.19899395
0.11095712
-0.53927542
-0.16067218
0.32441201
1.0006568
2.7017502
0.87478834
0.017087599
-0.13553268
0.055537169
0.93737029
0.48946376
0.56036565
-0.17281045
3.9404326
0.56557222
2.2588474
-0.085039525
0.43187804
-0.33155695
0.33688427
1.0002564
1.0001313
0.04407052
0.44670216
0.16963092
0.40141977
-0.014778094
-0.55650363
0.63746123
0.52331626
0.3608497
1.09148
1.4146345
2.2384729
-0.1730553
-0.049359156
0.124329
0.86316447
0.3598228
-0.24792454
1.0000255
0.11427902
0.79516482
0.26922492
-0.44460051
-0.59138015
-0.21464864
-0.33016256
0.69565029
1.0001165
0.84055708
-0.049306712
0.0090608954
1.2819622
0.99926506
-0.070760683
1.0481192
0.50577997
0.99993849
0.82235703
2.907776
1.3576406
0.67414594
0.35992811
1.0738622
0.24221062
-0.063509999
0.46377448
-0.18425446
1.038723
1.2753058
0.065133329
0.22619659
0.33852548
-0.47052126
0.66165278
0.42796863
0.22533297
0.51156615
0.59365129
0.86773042
1.2759898
1.602288
0.29256446
0.99999998
1.197399
1.0002107
0.99935705
0.26174194
0.061415913
-0.022321697
-0.4004067
0.1517657
1.0004978
0.50360184
0.7462635
0.83181238
1.6234173
-0.022633972
1.8798356
-0.39048872
0.17572044
0.3186341
0.82730227
0.046942974
-0.18330471
-0.6587481
1.0002895
0.13663142
1.0000276
0.32734175
-0.34405196
0.13635683
0.68378562
-0.19269898
1.0004893
0.99923926
0.35856946
0.9998825
-0.39744364
0.99998231
0.481688
-0.45058629
-0.057293678
0.71031162
0.10109231
3.0964234
1.8069937
-0.40886526
-0.062951467
1.0000903
-0.5326797
0.54826618
1.0722749
1.4292464
1.0005954
0.99544192
0.43886514
0.25248569
1.0007752
1.0001875
0.77955185
-0.80903249
0.99977591
-0.42898207
0.10126269
0.2011757
0.4913691
0.42429263
-0.62947158
1.0333428
0.31099833
0.99966534
0.17480943
-0.33295435
1.0004807
-0.21448642
0.99969441
0.13011886
0.0053100147
0.011794939
-0.031990494
0.11951075
1.0003161
0.34296292
0.95285757
-0.46112517
0.76799885
0.99958782
2.4018391
-0.34753481
1.2425305
-0.50468199
-0.18191898
1.5409979
0.88916741
1.2161139
-0.18748291
1.3373582
1.0003811
0.031035384
1.5501106
-0.12190421
1.6315799
-0.64598534
0.086784236
-0.045328572
0.45754806
-0.30511122
-0.2799958
0.98278267
0.080060413
-0.11317249
2.3426613
-0.1274951
-0.14417788
1.0729489
0.42410993
0.99967744
-0.19383294
-0.12446138
1.0001393
-0.31771541
0.92568253
-0.18980803
-0.29110228
1.0003266
1.55484
-0.0049738941
0.2289965
1.1165761
0.47185842
1.6090743
-0.22176669
0.49176528
0.086243819
0.84928641
0.17726705
0.094190221
1.7712657
0.036368267
-0.3151975
-0.35694621
0.20231735
0.8383283
-0.53680208
0.91656397
-0.1740349
0.82266693
2.0474249
0.098783271
1.3862862
0.63309092
1.1607142
-0.25562244
0.39671981
1.000127
1.0008154
1.0007374
0.71449453
-0.36311549
0.92568304
-0.077808545
-0.11823053
-0.48368325
1.000824
-0.061371366
0.30671413
1.2457307
0.056683695
0.22405212
0.061942785
-0.16462584
-0.43684736
0.45382633
1.9939002
1.9170056
-0.14411175
0.72153591
1.6169719
1.6167383
-0.1274541
0.1117614
1.0002962
-0.35043545
0.64173143
-0.084423055
-0.18985562
0.33085987
0.99975746
-0.11331263
0.47539798
1.5443588
0.58489629
-0.068744389
-0.4758719
0.99919112
-0.25445342
1.4436689
-0.068021287
0.67831196
0.67186694
0.29505352
2.128957
-0.14230921
0.99962571
0.81494533
0.24579529
-0.43973765
-0.20107738
1.34488
-0.16342086
0.51702659
1.0005137
-0.40775435
0.99982926
1.5214671
0.027602686
0.99952251
1.6189443
0.99996451
-0.70383648
0.46848327
-0.40287234
0.4809375
1.1137677
0.99952475
2.5095998
-0.58187042
0.28487221
-0.041185123
-0.1274951
-0.7372838
-0.87059327
-0.55390517
-0.62003413
-0.40545243
-0.5323982
-0.49312965
-0.63738078
-0.36569044
-0.53890481
-0.51063735
-0.11591288
-0.73391684
-0.78125933
-0.65708303
-0.60104363
-0.78536132
-0.45349417
-0.56083252
-0.36643364
-0.35086725
-0.76810771
-0.062881546
-0.42721736
-0.77428741
-0.34482735
-0.77792926
-0.56952711
-0.52915144
-0.51661634
-0.42628381
-0.29084103
-0.65035352
0.54694949
-0.82485535
-0.41071788
-0.6682452
-0.87712687
-0.5528865
-0.4400904
-0.25906951
-0.83763158
-0.66229609
-0.22635993
-0.74778916
-0.6703337
-0.42059371
-0.43785443
-0.42024966
-0.69650847
-0.54008828
-0.65763929
-0.54621981
-0.058290394
-0.19081793
-0.13419906
-0.16790168
-0.48273998
0.028404304
-0.35306848
-0.28682075
-0.82421985
-0.74241193
-0.78763857
-0.48797598
-0.37890887
0.32827284
-0.11241279
-0.14814742
-0.38556602
-0.2676132
-0.79997771
-1.1314954
-0.53755452
-0.9580232
-0.30878406
-0.67845155
-0.61240824
-0.64145659
-0.16889538
-0.39606135
-0.36383299
-0.7381186
-0.35639189
-0.049155571
-0.24799165
-1.007777
-0.13818724
0.062195626
-0.48092952
-0.56733467
-0.35521089
-0.57018847
-0.21904299
-0.3527313
-0.93628316
-0.1130523
-0.3331236
-0.12889274
-0.89983103
-0.11243351
-0.70495732
-0.50250573
-0.44420567
-0.61468809
-1.1207097
-0.5612582
-0.46213439
-0.50619653
-0.10872431
-0.3309858
-0.13409991
-0.79358312
0.60783257
-0.61850703
0.14333788
-0.68799123
-0.40638844
-0.22565127
-0.93587774
-0.24825126
-0.5766591
-0.64619897
-0.011899272
-0.38603932
-0.19845699
-0.26355393
-0.55773227
-0.41948117
-0.35190281
-0.07191661
-0.22959862
-0.27765556
-0.13244643
-0.22491707
0.136714
0.99939307
-0.85332135
-0.35129463
-0.39226945
-0.46809662
-0.037136127
-0.27415714
-0.25555327
-0.060687112
-0.7071482
-0.14590685
-0.5581071
-0.1049983
-0.37731104
-0.046644406
-0.28447842
-0.5977571
-0.07162662
-0.69100778
-0.55959949
0.11454708
-0.035012002
-0.21168448
-0.026286149
-0.16974942
-0.58724256
-0.73237798
-0.36163139
-0.53839234
-0.97002121
-0.66773822
-0.6118157
-0.08553595
0.12827928
-0.64312608
0.024248685
-0.57594686
-0.34594802
-0.23883159
-0.81080358
-0.69125863
-0.20438741
-0.45437383
-0.18980543
-0.25522714
-0.08769077
0.18262193
0.2537167
0.066138743
0.21118356
-0.40446206
0.10219216
0.2815514
0.050910516
0.11025132
-0.93999272
0.11786337
-0.36513612
0.25423938
-0.49958339
-0.80285892
-0.58934633
-0.71067564
-0.51727361
-0.17645499
-0.27696789
-0.8428676
-0.54480208
-0.8127897
-0.84351006
-0.6649896
-0.27951197
-0.34981755
-0.15932096
-0.50375564
-0.33377328
-0.62698419
-0.17895255
0.20739942
-0.41610004
0.31030765
-0.96601011
0.63223435
-0.25601292
0.37253126
-0.55914412
-0.44181192
-0.32592372
-0.15963387
-0.56178518
0.3781345
-0.32277508
-0.36152872
-0.40069442
-0.501746
-0.25153463
-0.26142449
-0.45153063
-0.63599989
-0.14591586
-0.31552989
-0.063667962
-0.24147031
-0.17352791
0.031343957
-0.31671229
-0.31280511
-0.49775565
-0.15778739
-0.35321334
-0.41536116
-0.55145281
-0.44624646
0.087407497
-0.25141617
-0.3313738
0.21612671
-0.88258761
-1.1019777
-0.61864201
-0.19313127
-0.11503901
-0.23528942
-1.132638
-0.45163228
-0.43450529
-0.37849488
0.088236965
-0.64008796
-0.23972604
-0.65823717
-0.47254391
-0.64152467
-0.20182255
-0.019600143
-0.34165858
-0.01339347
-0.5752038
-0.84097787
-0.57314984
0.24767611
-0.47783335
-0.54882449
-0.38394995
-0.46933156
-0.35403088
-0.17049443
0.20166757
-0.40629345
0.37294961
-0.93463631
0.63223435
-0.25601292
0.3658155
-0.54511845
-0.43607566
-0.31847218
-0.15899113
-0.55103747
0.36556408
-0.31534229
-0.35510674
-0.39534924
-0.49170831
-0.46686643
-1.2124752
-0.54970983
0.020681376
-1.2698268
-0.91404102
-0.83360923
-0.30678464
-0.087146139
0.11461484
-0.6374677
-0.55139457
-0.2720476
0.1307808
-0.09386202
-0.5306131
-0.60453031
-0.38953066
-0.73030291
-0.77693024
-0.235597
-0.54537528
-0.54320049
-0.073856077
-0.35103613
-0.4742889
-0.26042993
-0.84997378
-0.59651346
-0.294604
-0.46898376
-0.23231068
-0.15806678
0.1478561
-0.4190197
-0.61459115
-0.307581
-0.43284024
-0.32336374
0.12208263
0.46722477
-0.5711718
-0.31058455
0.10005769
-0.29671952
-0.27703225
-0.58476422
-0.70860144
-0.8383558
-0.64453597
-0.84554821
-0.89561064
-0.095762252
-0.47069628
0.087567694
-0.25825544
-0.41533648
-0.86283215
-0.17953995
-0.43391546
0.40185887
-0.54304103
-0.43125177
-0.35677389
-0.26819886
-1.093808
-0.85142463
-0.78961162
-0.71260114
-0.42610754
-0.49726744
-0.78145905
-0.063861862
-0.50676579
0.049041929
-0.69645191
-0.68775647
-0.33936021
-0.4905408
-0.21499941
-0.1429641
0.12659091
-0.53029904
-0.58040176
-0.61735338
-0.39068663
-0.12950623
-0.28733595
-0.26281581
-0.26254501
-0.5261401
-0.48780414
0.083418133
0.087674114
-0.10346237
-0.31430563
-0.49883946
-0.42733135
-0.42471357
-0.4653635
-0.51369622
-0.74210442
-0.7848727
-0.56940936
-0.83204715
-0.12783158
0.15448298
-0.30891368
-0.13943878
-0.64068482
-0.23518728
0.21720734
-0.5419035
-0.82847348
-0.60705929
-1.1705917
-0.38438765
-0.36569683
-0.51332438
-0.68708628
-0.64305627
-0.36714423
-0.34386493
-0.67801321
-0.17794243
-0.71095222
-0.28108521
-0.055468242
-0.51538559
0.19836609
-0.58628217
-0.85741559
-0.70229703
-0.57504076
-1.2358751
-0.36449016
-1.0172911
-0.98595488
-0.68961032
-1.0003534
-0.37896875
-0.36867583
-0.87257589
-0.84002969
-0.51785517
-0.35055786
0.14084148
-0.11588542
-0.30746671
-0.075788925
0.026148029
-0.54397331
-0.059571524
0.070127699
-0.15101199
0.24903897
-0.49604631
-0.17254007
-0.11863082
-0.13618101
0.042107555
0.078125196
0.2273244
0.049003526
-0.27837653
-0.18131428
-0.37262356
-0.44983014
-0.51060869
0.3906748
-0.27436264
-0.43934054
-0.040889594
-0.33332028
-0.24802925
-1.0355598
-0.36666677
-0.44483531
-0.34083684
-0.27734229
-0.28447917
-0.71116805
-0.38110564
-1.0688764
-0.32730079
-1.0610253
-0.69971487
-0.45888265
-0.18632726
-0.89211467
-0.30607709
0.10019255
-0.75579098
