0.55914087
0.29723244
0.23387779
1.5224762
0.26270505
0.4041329
0.027693912
0.23381603
2.3750634
0.27217647
0.16999377
3.0168236
0.15578853
2.729736
0.092515287
0.61039089
1.9980783
0.69015265
0.24382255
0.11801398
0.49039493
0.52269874
0.39994511
0.46593229
0.37838554
1.0193107
3.0168236
0.30092107
0.42737877
0.16449407
0.42559531
0.087016878
0.46990728
0.18383195
0.67952308
1.7909552
0.39465511
1.8186466
0.58159891
0.38358078
0.90169904
2.0146022
1.5623588
0.30358237
0.17534777
0.11242158
0.19765191
1.3267571
0.39186554
0.041103496
0.2942732
0.22026072
1.7017588
0.30358237
0.099040668
0.60425944
0.25317855
0.29698466
0.95773933
0.54515178
0.10077962
1.7017588
0.30358237
0.17207105
0.44759906
0.14584529
0.60455489
0.59794633
0.31602629
0.56642276
0.50005754
1.5792168
0.39148871
0.023094637
0.77579848
0.1646419
2.1660531
0.11050941
0.88508755
0.7755342
1.2973136
0.12989833
0.69349266
1.2165175
0.38350807
1.2964775
0.91050413
0.14459708
3.2856743
0.66048155
0.22441607
1.0538707
2.0697087
0.45172373
0.29407807
0.15955766
0.82864995
0.22168843
0.03950839
1.1892999
1.0378083
0.51416922
0.32723827
0.51416922
0.040807707
