-0.9833508
-1.1783035
-1.3787458
-1.5757128
-1.0742563
-1.3879753
-0.58147259
-0.90064146
-1.2329541
-1.0235737
-1.4610954
-1.4108998
-1.4378624
-1.2234548
-1.0819361
-0.71646553
-1.1589489
-1.1630517
-0.60697282
-0.55742236
-0.80720584
-2.2673299
-1.0799898
-1.7979056
-1.0819921
-1.560043
-1.463879
-1.2229991
-1.5946271
-0.99489099
-1.0475894
-0.91379862
-1.2970033
-1.0507449
-1.1254561
-1.0571809
-1.1445579
-1.4571206
-1.0466623
-0.99146251
-1.0801492
-1.1831225
-1.0756595
-1.075747
-1.08889
-1.1205989
-1.2613343
-1.0805194
-1.2134987
-1.0721801
-1.1207776
-1.1273362
-1.2722669
-1.130065
-1.3056936
-0.89189839
-1.3318354
-1.212225
-1.0425028
-1.1056405
-1.0891018
-1.0286298
-1.2197795
-1.1824718
-1.09968
-1.0362026
-1.1117018
-1.0919465
-0.87671993
-1.092632
-1.1173523
-1.0672938
-1.0675653
-1.0918791
-1.0956549
-1.1069492
-1.1051354
-1.0689354
-1.120663
-0.95588379
-1.072103
-1.0611544
-0.92529644
-1.4722604
-1.0632875
-1.0539016
-0.57969306
-1.0093133
-1.0398911
-1.0444814
-1.0428436
-1.0987289
-1.0386664
-1.0401682
-1.0419676
-1.0385451
-1.0575348
-1.0112657
-0.95870431
-0.9033049
-1.0457139
-1.0691764
-1.0289653
-1.0279999
-1.0332574
-1.0353605
-1.0240599
-1.0171655
-1.093043
-1.0243443
-1.0245157
-1.0255609
-1.0371771
-0.83232928
-1.025499
-1.315821
-1.0348189
-1.0409392
-1.0645948
-1.0261074
-1.026621
-1.1131149
-1.0971056
-1.0256209
-1.0270079
-1.1174135
-1.0269722
-1.0317323
-1.1183734
-1.112305
-1.0457471
-1.0486839
-1.0283933
-1.0486406
-1.0232368
-1.026721
-1.0305371
-0.61765581
-1.0284135
-1.0312372
-1.0325284
-1.035202
-1.0313193
-1.0327771
-1.035286
-1.0327384
-1.0332149
-1.0330708
-1.0330688
-1.0331816
-1.0327853
-1.0327576
-1.0329648
-1.0328159
-1.032984
-1.0327973
-1.0322775
-1.0327921
-1.0327802
-1.033063
-1.0348587
-1.0341459
-1.0327887
-1.6580458
-1.6105428
-1.0328338
-1.0327973
-1.0333421
-1.0324545
-1.0327947
-1.0328332
-1.042477
-1.0328677
-1.0328625
-1.0328709
-1.0333058
-1.0328709
-1.0328719
-1.0328364
-1.0327969
-1.0328794
-1.0328784
-1.0329657
-1.032894
-1.0327821
-1.0333965
-1.032901
-1.0329525
-1.0333823
-1.0328561
-1.0329087
-1.0331855
-1.0329172
-1.0329103
-0.97318496
-1.0328773
-1.0329188
-1.0328494
-1.0331874
-1.0327862
-1.0329071
-1.0328583
-1.0327976
-1.0328287
-1.032906
-1.0329019
-1.0331844
-1.0329086
-1.0329078
-1.0332592
-1.0329065
-1.0329066
-1.032905
-1.0329251
-1.0329149
-1.0329129
-1.0328745
-1.0329423
-1.0330573
-1.0328921
-1.0327958
-1.0329156
-1.032795
-1.0327262
-1.0329097
-1.032817
-1.0329097
-1.032817
-1.0328154
-1.0329189
-1.032924
-1.0327455
-1.032924
-1.0328768
-1.0329148
-1.032845
-1.0437787
-1.0329173
-1.0329202
-1.0327735
-1.0329076
-1.032945
-1.0329083
-1.0328374
-1.0328652
-1.0329086
-1.0329097
-1.032858
-1.0329157
-1.0328464
-1.0328616
-1.0329984
-1.0330072
-1.032901
-1.0329889
-1.0329141
-1.0329113
-1.0327974
-1.0328813
-1.0329046
-1.0329384
-1.0329061
-1.0328902
-1.0328984
-1.0328851
-1.0328949
-1.0329493
-1.0329074
-1.032883
-1.0329017
-1.032993
-1.0329014
-1.0329104
-1.0328962
-1.0328199
-1.0328866
-1.0329025
-1.0328975
-1.0328984
-1.0329047
-1.0329049
-1.0329034
-1.0329032
-1.0328901
-1.0329024
-1.0329028
-1.032906
-1.0328202
-1.0329041
-1.0329005
-1.0329037
-1.0329034
-1.0329057
-1.0328084
-1.0329037
-1.0329032
-1.0329039
-1.0329039
-0.79705277
-1.0329413
-1.0328982
-1.0328175
-1.0329032
-1.0328722
-1.0329033
-1.0329033
-1.0329036
-1.0329034
-1.0329036
-1.0329051
-1.0329036
-1.0329039
-1.0329036
-1.0329387
-1.0329038
-1.0329036
-1.032798
-1.0329036
-1.0328291
-1.0329036
-1.0329092
-1.0329036
-1.0329038
-1.0329036
-1.0329036
-1.0329036
-1.0329036
-1.0329036
-1.0329036
-1.0328741
-1.0329035
-1.0329036
-1.0329036
-1.0329036
-1.0329036
-1.0329032
-1.0329038
-1.0329036
-1.0329036
-1.0329036
-1.0329036
-1.0329036
-1.0329036
-1.0329036
-1.0329036
-1.0329036
-1.0329036
-1.0328588
-1.0329036
-1.0329036
-1.0329036
-1.0329036
-1.0329036
-1.0329035
-1.0329036
-1.0329036
-1.0329036
-1.0329036
-1.0329036
-1.0329036
-1.0329036
-1.0329036
-1.0329035
-1.0329036
-1.0329036
-1.0329036
-1.0329036
-1.0329036
-1.0329036
-1.0329036
-1.0329036
-1.0329036
-1.0329036
-1.0329036
-1.0329036
-1.0329036
-1.0329036
-1.0329036
-1.0329036
-1.0329036
-1.0329036
-1.0329036
-1.4842361
-1.0329036
-1.0329036
-1.0329036
-1.0329036
-1.0329042
-1.0329036
-1.0329036
-1.0329036
-1.0329036
-1.0329036
-1.0329036
-1.0329036
-1.375275
-1.0329036
-1.0329036
-1.0329036
-1.0329036
-1.0329036
-1.0329036
-1.0329036
-1.0329036
-1.0329036
-1.0329036
-1.0329036
-1.0329036
-1.0329036
-1.0329036
-1.0329036
-1.0329036
-1.0329036
-1.0329036
-1.0329036
-1.0329036
-1.0329036
-1.0329036
-1.0329036
-1.0329036
-1.0329036
-1.0329036
-1.0329062
-1.0329036
-1.0329036
-1.0329036
-1.0329036
-1.0329036
-1.0329036
-1.0329036
-1.0329036
-1.0329036
-1.0329036
-1.0329036
-1.0329036
-1.0329036
-1.0329036
-1.0329036
-1.0329036
-1.0329036
-1.0329036
-1.0329036
-1.0329036
-1.0329036
-1.0329036
-1.0329036
-1.0329036
-1.0329036
-1.0329036
-1.0329036
-1.0329036
-1.0329036
-1.0329036
-1.0329036
-1.0329036
-1.0329036
-1.0329036
-1.0329036
-1.0329036
-1.0329036
-1.0329036
-1.0329036
-1.0329036
-1.0329036
-1.0329036
-1.0329036
-1.0329036
-1.0329036
-1.0329036
-1.0329036
-1.0329036
-1.0329036
-1.0329036
-1.0329036
-1.0329036
-2.8439009
-1.0329036
-1.0329036
-1.0329036
-1.0329036
-1.0329036
-1.0329036
-1.0329036
-1.0329036
-1.0329036
-1.0329036
-1.0329036
-1.0329036
-1.0329036
-1.0329036
-1.0329036
-1.0329036
-1.0329036
-1.0329036
-1.0329036
-1.0329036
-1.0329036
-1.0329036
-1.0329036
-1.0329036
-1.0329036
-1.0329036
-1.0329036
-1.0329036
-1.0329036
-1.0329036
-1.0328871
-1.0329036
-1.0329036
-1.0329036
-1.0329036
-1.0329036
-1.0329036
-1.0329036
-1.0329036
-1.0329036
-1.0329036
-1.0329036
-1.0329036
-1.0329036
-1.0329036
-1.0329036
-1.0329036
-1.0329036
-1.0329036
-1.0329036
-1.0329036
-1.0329036
-1.0329036
-1.0329036
-1.0329036
-1.0329036
-1.0329036
-1.0329036
-1.0329036
-1.0329036
-1.0329036
-1.0329036
-1.0329036
-1.0329036
-1.032925
-1.0329036
-1.0329036
-1.0329036
-1.0329036
-1.0329036
-1.0329036
-1.0329036
-1.0329036
-1.0329036
-1.0329036
-1.0329036
-1.0329036
-1.0329036
-1.0329036
-1.0329036
-1.0329036
-1.0329036
-1.0329036
-1.0329036
-1.0329036
-1.0329036
-1.0328447
-1.0329036
-1.0329036
-1.0329036
-1.0329036
-1.0329036
-1.0329036
-1.0329036
-1.0329036
-1.0329036
-1.0329036
-1.8177972
-1.0329036
-1.0329036
-1.0329036
-1.0329036
-1.0329036
-1.0329036
-1.0329036
-1.0329036
-1.0329036
-1.0329036
-1.0329036
-1.7310901
-1.0329036
-1.0329036
-1.0329036
-1.0329036
-1.0329036
-1.0329036
-1.0329036
-1.0329036
-1.0329036
-1.0329036
-1.0329036
-1.0329036
-1.0329036
-1.0329036
-1.0329036
-1.0329036
-1.0329036
-1.0329036
-1.0329036
-1.0329036
-1.0329036
-1.0329036
-1.0329036
-1.0329036
-1.0329036
-1.0329036
-1.0329036
-1.0329036
-1.0329036
-1.0329036
-1.0329036
-1.0329036
-1.0329036
-1.0329036
-1.0329036
-1.0329036
-1.0329036
-1.0329036
-1.0329036
-1.0329036
-1.0329036
-1.0329036
-1.0329036
-1.0329036
-1.0329036
-1.0329036
-1.0329036
-1.0329036
-1.0329036
-1.0329036
-1.0329036
-1.0329036
-1.0329036
-1.0329036
-1.0329036
-1.0329036
-1.0329036
-1.0329036
-1.0329036
-1.0329036
-1.0329036
-1.0329036
-1.0329036
-1.0329036
-1.0329036
-1.0329036
-1.0329036
-1.0329036
-1.0329036
-1.0329036
-1.0329036
-1.0329036
-1.0329036
-1.0329036
-1.0329036
-1.0329036
-1.0329036
-1.0329036
-1.0329036
-1.0329036
-1.0329036
-1.0329036
-1.0329036
-1.0329036
-1.0329036
-1.0329036
-1.0329036
-1.0329036
-1.0329036
-1.0329036
-1.0329036
-1.0329036
-1.0329036
-1.0329036
-1.0329036
-1.0329036
-1.0329036
-1.0329036
-1.0329036
-1.0329036
-1.0329036
-1.0329036
-1.0329036
-1.0329036
-1.0329036
-1.0329036
-1.0329036
-1.0329036
-1.0329036
-1.0329036
-1.0329036
-1.0329036
-1.0329036
-1.0329036
-1.0329036
-1.0329036
-1.0329036
-1.0329036
-1.0329036
-1.0329036
-1.0329036
-1.0329036
-1.0329036
-1.0329036
-1.0329036
-1.0329036
-1.0329036
-1.0329036
-1.0329036
-1.0329036
-1.0329036
-1.0329036
-1.0329036
-1.0329036
-1.0329036
-1.0329036
-1.0329036
-1.0329036
-1.0329036
-1.0329036
-1.0329036
-1.0329036
-1.0329036
-1.0329036
-1.0329036
-1.0329036
-1.0329036
-1.0329036
-1.0329036
-1.0329036
-1.0329036
-1.0329036
-1.0329036
-1.0329036
-1.0329036
-1.0329036
-1.0329036
-1.0329036
-1.0329036
-1.0329036
-1.0329036
-1.0329036
-1.0329036
-1.0329036
-1.0329036
-1.0329036
-1.0329036
-1.0329036
-1.0329036
-1.0329036
-1.0329036
-1.0329036
-1.0329036
-1.0329036
-1.0329036
-1.0329036
-1.0329036
-1.0329036
-1.0329036
-1.0329036
-1.0329036
-1.0329036
-1.0329036
-1.0329036
-1.0329036
-1.0329036
-1.0329036
-1.0329036
-1.0329036
-1.0329036
-1.0329036
-1.0329036
-1.0329036
-1.0329036
-1.0329036
-1.0329036
-1.0329036
-1.0329036
-1.0329036
-1.0329036
-1.0329036
-1.0329036
-1.0329036
-1.0329036
-1.0329036
-1.0329036
-1.0329036
-1.0329036
-1.0329036
-1.0329036
-1.0329036
-1.0329036
-1.0329036
-1.0329036
-1.0329036
-1.0329036
-1.0329036
-1.0329036
-1.0329036
-1.0329036
-1.0329036
-1.0329036
-1.0329036
-1.0329036
-1.0329036
-1.0329036
-1.0329036
-1.0329036
-1.0329036
-1.0329036
-1.0329036
-1.0329036
-1.0329036
-1.0329036
-1.0329036
-1.0329036
-1.0329036
-1.0329036
-1.0329036
-1.0329036
-1.0329036
-1.0329036
-1.0329036
-1.0329036
-1.0329036
-1.0329036
-1.0329036
-1.0329036
-1.0329036
-1.0329036
-1.0329036
-1.0329036
-1.0329036
-1.0329036
-1.0329036
-1.0329036
-1.0329036
-1.0329036
-1.0329036
-1.0329036
-1.0329036
-1.0329036
-1.0329036
-1.0329036
-1.0329036
-1.0329036
-1.0329036
-1.0329036
-1.0329036
-1.0329036
-1.0329036
-1.0329036
-1.0329036
-1.0329036
-1.0329036
-1.0329036
-1.0329036
-1.0329036
-1.0329036
-1.0329036
-1.0329036
-1.0329036
-1.0329036
-1.0329036
-1.0329036
-1.0329036
-1.0329036
-1.0329036
-1.0329036
-1.0329036
-1.0329036
-1.0329036
-1.0329036
-1.0329036
-1.0329036
-1.0329036
-1.0329036
-1.0329036
-1.0329036
-1.0329036
-1.0329036
-1.0329036
-1.0329036
-1.0329036
-1.0329036
-1.0329036
-1.0329036
-1.0329036
-1.0329036
-1.0329036
-1.0329036
-1.0329036
-1.0329036
-1.0329036
-1.0329036
-1.0329036
-1.0329036
-1.0329036
-1.0329036
-1.0329036
-1.0329036
-1.0329036
-1.0329036
-1.0329036
-1.0329036
-1.0329036
-1.0329036
-1.0329036
-1.0329036
-1.0329036
-1.0329036
-1.0329036
-1.0329036
-1.0329036
-1.0329036
-1.0329036
-1.0329036
-1.0329036
-1.0329036
-1.0329036
-1.0329036
-1.0329036
-1.0329036
-1.0329036
-1.0329036
-1.0329036
-1.0329036
-1.0329036
-1.0329036
-1.0329036
-1.0329036
-1.0329036
-1.0329036
-1.0329036
-1.0329036
-1.0329036
-1.0329036
-1.0329036
-1.0329036
-1.0329036
-1.0329036
-1.0329036
-1.0329036
-1.0329036
-1.0329036
-1.0329036
-1.0329036
-1.0329036
-1.0329036
-1.0329036
-1.0329036
-1.0329036
-1.0329036
-1.0329036
-1.0329036
-1.0329036
-1.0329036
-1.0329036
-1.0329036
-1.0329036
-1.0329036
-1.0329036
-1.0329036
-1.0329036
-1.0329036
-1.0329036
-1.0329036
-1.0329036
-1.0329036
-1.0329036
-1.0329036
-1.0329036
-1.0329036
-1.0329036
-1.0329036
-1.0329036
-1.0329036
-1.0329036
-1.0329036
-1.0329036
-1.0329036
-1.0329036
-1.0329036
-1.0329036
-1.0329036
-1.0329036
-1.0329036
-1.0329036
-1.0329036
-1.0329036
-1.0329036
-1.0329036
-1.0329036
-1.0329036
-1.0329036
-1.0329036
-1.0329036
-1.0329036
-1.0329036
-1.0329036
-1.0329036
-1.0329036
-1.0329036
-1.0329036
-1.0329036
-1.0329036
-1.0329036
-1.0329036
-1.0329036
-1.0329036
-1.0329036
-1.0329036
-1.9700113
-1.0329036
-1.0329036
-1.0329036
-1.0329036
-1.0329036
-1.0329036
-1.0329036
-1.0329036
-1.0329036
-1.0329036
-1.0329036
-1.0329036
-1.0329036
-1.0329036
-1.0329036
-1.0329036
-1.0329036
-1.0329036
-1.0329036
-1.0329036
-1.0329036
-1.0329036
-1.0329036
-1.0329036
-1.0329036
-1.0329036
-1.0329036
-1.0329036
-1.0329036
-1.0329036
-1.0329036
-1.0329036
-1.0329036
-1.0329036
-1.0329036
-1.0329036
-1.0329036
-1.0329036
-1.0329036
-1.0329036
-1.0329036
-1.0329036
-1.0329036
-1.0329036
-1.0329036
-1.0329036
-1.0329036
-1.0329036
-1.0329036
-1.0329036
-1.0329036
-1.0329036
-1.0329036
-1.0329036
-1.0329036
-1.0329036
-1.0329036
-1.0329036
-1.0329036
-1.0329036
-1.0329036
-1.0329036
-1.0329036
-1.0329036
-1.0329036
-1.0329036
-1.0329036
-1.0329036
-1.0329036
-1.0329036
-1.0329036
-1.0329036
-1.0329036
-1.0329036
-1.0329036
-1.0329036
-1.0329036
-1.0329036
-1.0329036
-1.0329036
-1.0329036
-1.0329036
-1.0329036
-1.0329036
-1.0329036
-1.0329036
-1.0329036
-1.0329036
-1.0329036
-1.0329036
-1.0329036
-1.0329036
-1.0329036
-1.0329036
-1.0329036
-1.0329036
-1.0329036
-1.0329036
-1.0329036
-1.0329036
-1.0329036
-1.0329036
-1.0329036
-1.0329036
-1.0329036
-1.0329036
-1.0329036
-1.0329036
-1.0329036
-1.0329036
-1.0329036
-2.0104979
-2.0914881
-1.0329036
-1.0329036
-1.0329036
-1.0329036
-1.0329036
-1.0329036
-1.0329036
-1.0329036
-1.0329036
-1.0329036
-1.0329036
-1.0329036
-1.0329036
-1.0329036
-1.0329036
-1.0329036
-1.0329036
-1.0329036
-1.0329036
-1.0329036
-1.0329036
-1.0329036
-1.0329036
-1.0329036
-1.0329036
-1.0329036
-1.0329036
-1.0329036
-1.0329036
-1.0329036
-1.0329036
-1.0329036
-1.0329036
-1.0329036
-1.0329036
-1.0329036
-1.0329036
-1.0329036
-1.0329036
-1.0329036
-1.0329036
-1.0329036
-1.0329036
-1.0329036
-1.0329036
-1.0329036
-1.0329036
-1.0329036
-1.0329036
-1.0329036
-1.0329036
-1.0329036
-1.0329036
-1.0329036
-1.0329036
-1.0329036
-1.0329036
-1.0329036
-1.0329036
-1.0329036
-1.0329036
-1.0329036
-1.0329036
-1.0329036
-1.0329036
-1.0329036
-1.0329036
-1.0329036
-1.0329036
-1.0329036
-1.0329036
-1.0329036
-1.0329036
-1.0329036
-1.0329036
-1.0329036
-1.0329036
-1.0329036
-1.0329036
-1.0329036
-1.0329036
-1.0329036
-1.0329036
-1.0329036
-1.0329036
-1.0329036
-1.0329036
-1.0329036
-1.0329036
-1.0329036
-1.0329036
-1.0329036
-1.0329036
-1.0329036
-1.0329036
-1.1682008
-1.0329036
-1.0329036
-1.0329036
-1.0329036
-1.0329036
-1.0329036
-1.0329036
-1.0329036
-1.0329036
-1.0329036
-1.0329036
-1.0329036
-1.0329036
-1.0329036
-1.0329036
-1.0329036
-1.0329036
-1.0329036
-1.0329036
-1.0329036
-1.0329036
-1.0329036
-1.0329036
-1.0329036
-1.0329036
-1.0329036
-1.0329036
-1.0329036
-1.0329036
-1.0329036
-1.0329036
-1.0329036
-1.0329036
-1.0329036
-1.0329036
-1.0329036
-1.0329036
-1.0329036
-1.0329036
-1.0329036
-1.0329036
-1.0329036
-1.0329036
-1.0329036
-1.0329036
-1.0329036
-1.0329036
-1.0329036
-1.0329036
-1.0329036
-1.0329036
-1.0329036
-1.0329036
-1.0329036
-1.0329036
-1.0329036
-1.0329036
-1.0329036
-1.0329036
-1.0329036
-1.0329036
-1.0329036
-1.0329036
-1.0329036
-1.0329036
-1.0329036
-1.0329036
-1.0329036
-1.0329036
-1.0329036
-1.0329036
-1.0329036
-1.0329036
-1.0329036
-1.0329036
-1.0329036
-1.0329036
-1.0329036
-1.0329036
-1.0329036
-1.0329036
-1.0329036
-1.0329036
-1.0329036
-1.0329036
-1.0329036
-1.0329036
-1.0329036
-1.0329036
-1.0329036
-1.0329036
-1.0329036
-1.0329036
-1.0329036
-1.0329036
-1.0329036
-1.0329036
-1.0329036
-2.1522225
-1.0329036
-1.0329036
-1.0329036
-1.0329036
-1.0329036
-1.0329036
-1.0329036
-1.0329036
-1.0329036
-1.0329036
-1.0329036
-1.0329036
-1.0329036
-1.0329036
-1.0329036
-1.0329036
-1.0329036
-1.0329036
-1.0329036
-1.0329036
-1.0328777
-1.2501926
-1.0329036
-1.0329036
-1.0329036
-1.0329036
-1.0329036
-1.0329036
-1.0329036
-1.0329036
-1.0329036
-1.0329036
-1.0329036
-1.0329036
-1.0329036
-1.0329036
-1.0329036
-1.0329036
-1.0329036
-1.0329036
-1.0329036
-1.0329036
-1.0329036
-1.0329036
-1.0329036
-1.0329036
-1.0329036
-1.0329036
-1.0329036
-1.0329036
-1.0329036
-1.0329036
-1.0329036
-1.0329036
-1.0329036
-1.0329036
-1.0329036
-1.0329036
-1.0329036
-1.0329036
-1.0329036
-1.0329036
-1.0329036
-1.0329036
-1.0329036
-1.0329036
-1.0329036
-1.0329036
-1.0329036
-1.0329036
-1.0329036
-1.0329036
-1.0329036
-1.0329036
-1.0329036
-1.0329036
-1.0329036
-1.0329036
-1.0329036
-1.0329036
-1.0329036
-1.7425069
-1.0329036
-1.4786866
-1.0329036
-1.0329036
-1.0329036
-1.0329036
-1.0329036
-1.7653551
-1.0329036
-1.0329036
-1.0329036
-1.0329036
-1.0329036
-1.0329036
-1.0329036
-1.0329036
-1.0329036
-1.0329036
-1.0329036
-1.0329036
-1.0329036
-1.0329036
-1.0329036
-1.0329036
-1.0329036
-1.0329036
-1.0329036
-1.0329036
-1.0329036
-1.0329036
-1.0329036
-1.0329036
-1.0329036
-1.0329036
-1.0329036
-1.0329036
-1.0329036
-1.0329036
-1.0329036
-1.0329036
-1.0329036
-1.0329036
-1.0329036
-1.0329036
-1.0329036
-1.0329036
-1.0329036
-1.0329036
-1.0329036
-1.0329036
-1.0329036
-1.0329036
-1.0329036
-1.0329036
-1.0329036
-1.0329036
-1.0329036
-1.0329036
-1.0329036
-1.0329036
-1.0329036
-1.0329036
-1.0329036
-1.0329036
-1.0329036
-1.0329036
-1.0329036
-1.0329036
-1.0329036
-1.0329036
-1.0329036
-1.0329036
-1.0329036
-1.0329036
-1.03279
-1.0329036
-1.0329036
-1.0329036
-1.0329036
-1.0329036
-1.0329036
-1.0329036
-1.0329036
-1.0329036
-1.0329036
-1.0329036
-1.0329036
-1.0329036
-1.0329036
-1.0329036
-1.0329036
-1.0329036
-1.0329036
-1.0329036
-1.0329036
-1.0329036
-1.0329036
-1.0329036
-1.0329036
-1.0329036
-1.0329036
-1.0329036
-1.0329036
-1.0329036
-1.0329036
-1.0329036
-1.0329036
-1.0329036
-1.0329036
-1.0329036
-1.0329036
-1.0329036
-1.0329036
-1.0329036
-1.0329036
-1.0329036
-1.0329036
-1.0329036
-1.0329036
-1.0329036
-1.0329036
-1.0329036
-1.0329036
-1.0329036
-1.0329036
-1.0329036
-1.0329036
-1.0329036
-1.0329036
-1.0329036
-1.0329036
-0.73885816
-1.0329036
-1.0329036
-1.0329036
-1.0329036
-1.0329036
-1.0329036
-1.0329036
-1.0329036
-1.0329036
-1.0329036
-1.0329036
-1.0329036
-1.0329036
-1.0329036
-1.0329036
-1.0329036
-1.0329036
-1.0329036
-1.0329036
-1.0329036
-1.0329036
-1.0329036
-1.0329036
-1.0329036
-1.0329036
-1.0329036
-1.0329036
-1.0329036
-1.0329036
-1.0329036
-1.0329036
-1.0329036
-1.0329036
-1.0329036
-1.0329036
-1.0329036
-1.0329036
-1.0329036
-1.0329036
-1.0329036
-1.0329036
-1.0329036
-1.0329036
-1.0329036
-1.0329036
-1.0329036
-1.0329036
-1.0329036
-1.0329036
-1.0329036
-1.0329036
-1.0329036
-1.0329036
-1.0329036
-1.0329036
-1.0329036
-1.0329036
-1.0329036
-1.0329036
-1.0329036
-1.0329036
-1.0329036
-1.0329036
-1.0329036
-1.0329036
-1.0329036
-1.0329036
-1.0329036
-1.0329036
-1.0329036
-1.0327633
-1.0329036
-1.0329036
-1.0329036
-1.0329036
-1.0329036
-1.0329036
-1.0329036
-1.0329036
-1.0329036
-1.0329036
-1.0329036
-1.0329036
-1.0329036
-1.0329036
-1.0329036
-1.0329036
-1.0329036
-1.0329036
-1.0329036
-1.0329036
-1.0329036
-1.0329036
-1.0329036
-1.0329036
-1.0329036
-1.0329036
-1.0329036
-1.789708
-1.0329036
-1.0329036
-1.0329036
-1.0329036
-1.0329036
-1.0329036
-1.0329036
-1.0329036
-1.0329036
-1.0329036
-1.0329036
-1.0329036
-1.0329036
-1.0329036
-1.0329036
-1.0329036
-1.0329036
-1.0329036
-1.0329036
-1.0329036
-1.0329036
-1.0329036
-1.0329036
-1.0329036
-1.0329036
-1.0329036
-1.0329036
-1.0329036
-1.0329036
-1.0329036
-1.0329036
-1.0329036
-1.0329036
-1.0329036
-1.0329036
-1.0329036
-1.0329036
-1.0329036
-1.0329036
-1.0329036
-1.0329036
-1.0329036
-1.0329036
-1.0329036
-1.0329036
-1.0329036
-1.0329036
-1.9852838
-1.0329036
-1.0329036
-1.0329036
-1.0329036
-1.0329036
-1.0329036
-1.0329036
-2.0169555
-1.0329036
-1.0329036
-1.0329036
-1.0329036
-1.0329036
-1.0329036
-1.0329036
-1.0329036
-1.0329036
-1.0329036
-1.0329036
-1.0329036
-1.0329036
-1.0329036
-1.0329036
-1.0329036
-1.0329036
-1.0329036
-1.0329036
-1.0329036
-1.0329036
-1.0329036
-1.0329036
-2.08508
-1.0329036
-1.0329036
-1.0329036
-1.0329036
-1.0329036
-1.0329036
-1.4863668
-1.0329036
-1.0329036
-1.0329036
-1.0329036
-1.0329036
-1.0329036
-1.0329036
-1.0329036
-1.0329036
-1.0329036
-1.0329036
-1.0329036
-1.0329036
-1.0329036
-1.0329036
-1.0329036
-1.0329036
-1.0329036
-1.0329036
-1.0329036
-1.0329036
-1.0329036
-1.0329036
-1.0329036
-1.0329036
-1.0329036
-1.0329036
-1.0329036
-1.0329036
-1.0329036
-1.0329036
-1.0329036
-1.0329036
-1.0329036
-1.0329036
-1.0329036
-1.0329036
-1.0329036
-1.0329036
-1.0329036
-1.0329036
-1.0329036
-1.0329036
-1.0329036
-1.0329036
-1.0329036
-1.0329036
-1.0329036
-1.0329036
-1.0329036
-1.0329036
-1.0329036
-1.0329036
-1.0329036
-1.0329036
-1.0329036
-1.0329036
-1.0329036
-1.0329036
-1.0329036
-1.0329036
-1.0329036
-1.0329036
-1.0329036
-1.0329036
-1.0329036
-1.0329036
-1.0329036
-1.0329036
-1.0329036
-1.0329036
-1.0329036
-1.0329036
-1.0329036
-1.0329036
-1.0329036
-1.0329036
-1.0329036
-1.0329036
-1.0329036
-1.0329036
-1.0329036
-1.0329036
-1.0329036
-1.0329036
-1.0329036
-1.0329036
-1.0329036
-1.0329036
-1.0329036
-1.0329036
-1.0329036
-1.0329036
-1.0329036
-1.0329036
-1.0329036
-1.0329036
-1.0329036
-1.0329036
-1.0329036
-1.0329036
-1.0329036
-1.0329036
-1.0329036
-1.0329036
-1.0329036
-1.0329036
-1.0329036
-1.0329036
-1.0329036
-1.0329036
-1.0329036
-1.0329036
-1.0329036
-1.0329036
-1.0329036
-1.0329036
-1.0329036
-1.0329036
-1.0329036
-1.0329036
-1.0329036
-1.0329036
-1.0329036
-1.0329036
-1.0329036
-1.0329036
-1.0329036
-1.0329036
-1.0329036
-1.0329036
-1.0329036
-1.0329036
-1.0329036
-1.0329036
-1.0329036
-1.0329036
-1.0329036
-1.0329036
-1.0329036
-1.0329036
-1.0329036
-1.0329036
-1.0329036
-1.0329036
-1.0329036
-1.0329036
-1.0329036
-1.0329036
-1.0329036
-1.0329036
-1.0329036
-1.0329036
-1.0329036
-1.0329036
-1.0329036
-1.0329036
-1.0329036
-1.0329036
-1.0329036
-1.0328949
-1.0329036
-1.0329036
-1.0329036
-1.0329036
-1.0329036
-1.0329036
-1.0329036
-1.0329036
-1.0329036
-1.0329036
-1.0329036
-1.0329036
-1.0329036
-1.0329036
-1.0329036
-1.0329036
-1.0329036
-1.0329036
-1.0329036
-1.0329036
-1.0329036
-1.0329036
-1.0329036
-1.0329036
-1.0329036
-1.0329036
-1.0329036
-1.0329036
-1.0329036
-1.0329036
-1.0329036
-1.0329036
-1.0329036
-1.0329036
-1.0329036
-1.0329036
-1.0329036
-1.0329036
-1.0329036
-1.0329036
-1.0329036
-1.0329036
-1.0329036
-1.0329036
-1.0329036
-1.0329036
-1.0329036
-1.0329036
-1.0329036
-1.0329036
-1.0329036
-1.0329036
-1.0329036
-1.0329036
-1.0329036
-1.0329036
-1.0329036
-1.0329036
-1.0329036
-1.0329036
-1.0329036
-1.0329036
-1.0329036
-1.0329036
-1.0329036
-1.0329036
-1.0329036
-1.0329036
-1.0329036
-1.0329036
-1.0329036
-1.0329036
-1.0329036
-1.0329036
-1.0329036
-1.0329036
-1.0329036
-1.0329036
-1.0329036
-1.0329036
-1.0329036
-1.0329036
-1.0329036
-1.0329036
-1.0329036
-1.0329036
-1.0329036
-1.0329036
-1.0329036
-1.0329036
-1.0329036
-1.0329036
-1.0329036
-1.0329036
-1.0329036
-1.0329036
-1.0329036
-1.0329036
-1.0329036
-1.0329036
-1.0329036
-1.0329036
-1.0329036
-1.0329036
-1.0329036
-1.0329036
-1.0329036
-1.0329036
-1.0327734
-1.0329036
-1.0329036
-1.0329036
-1.0329036
-1.0329036
-1.0329036
-1.0329036
-1.0329036
-1.0329036
-1.0329036
-1.0329036
-1.0329036
-1.0329036
-1.0329036
-1.0329036
-1.0329036
-1.0329036
-1.0329036
-1.0329036
-1.0329036
-1.0329036
-1.0329036
-1.0329036
-1.0329036
-1.0329036
-1.0329036
-1.0329036
-1.0329036
-1.0329036
-1.0329036
-1.0329036
-1.0329036
-1.0329036
-1.0329036
-1.0329036
-1.0329036
-1.0329036
-1.0329036
-1.0329036
-1.0329036
-1.0329036
-1.0329036
-1.0329036
-1.0329036
-1.0329036
-1.0329036
-1.0329036
-1.0329036
-1.0329036
-1.0329036
-1.0329036
-1.0329036
-1.0329036
-1.0329036
-1.0329036
-1.0329036
-1.0329036
-1.0329036
-1.0329036
-1.0329036
-1.0329036
-1.0329036
-1.0329036
-1.0329036
-1.0329036
-1.0329036
-1.0329036
-1.0329036
-1.0329036
-1.0329036
-1.0329036
-1.0329036
-1.0329036
-1.0329036
-1.0329036
-1.0329036
-1.0329036
-1.0329036
-1.0329036
-1.0329036
-1.0329036
-1.0329036
-1.0329036
-1.0329036
-1.0329036
-1.0329036
-1.0329036
-1.0329036
-1.0329036
-1.0329036
-1.0329036
-1.0329036
-1.0329036
-1.0329036
-1.0329036
-1.0329036
-1.0329036
-1.0329036
-1.0329036
-1.0329036
-1.0329036
-1.0329036
-1.0329036
-1.0329036
-1.0329036
-1.0329036
-1.0329036
-1.0329036
-1.0329036
-1.0329036
-1.0329036
-1.0329036
-1.0329036
-1.0329036
-1.0329036
-1.0329036
-1.0329036
-2.6780048
-1.0329036
-1.0329036
-1.0329036
-1.0329036
-1.0329036
-1.0329036
-1.0329036
-1.0329036
-1.0329036
-1.0329036
-1.0329036
-1.0329036
-1.0329036
-1.0329036
-1.0329036
-1.0329036
-1.0329036
-1.0329036
-1.0329036
-1.0329036
-1.0329036
-1.0329036
-1.0329036
-1.0329036
-1.0329036
-1.0329036
-1.0329036
-1.0329036
-1.0329036
-1.0329036
-1.0329036
-1.0329036
-1.0329036
-1.0329036
-1.0329036
-1.0329036
-1.0329036
-1.0329036
-1.0329036
-1.0329036
-1.0329036
-1.0329036
-1.0329036
-1.0329036
-1.0329036
-1.0329036
-1.0329036
-1.0329036
-1.0329036
-1.0329036
-1.0329036
-1.0329036
-1.0329036
-1.0329036
-1.0329036
-1.0329036
-1.0329036
-1.0329036
-1.0329036
-1.0329036
-1.0329036
-1.0329036
-1.0329036
-1.0329036
-1.0329036
-1.0329036
-1.0329036
-1.0329036
-1.0329036
-1.0329036
-1.0329036
-1.0329036
-1.0329036
-1.0329036
-1.0329036
-1.0329036
-1.0329036
-1.0329036
-1.0329036
-1.0329036
-1.0329036
-1.0329036
-1.0329036
-1.0329036
-1.0329036
-1.0329036
-1.0329036
-1.0329036
-1.0329036
-1.0329036
-1.0329036
-1.0328921
-1.0329036
-1.0329036
-1.0329036
-1.0329036
-1.0329036
-1.0329036
-1.0329036
-1.0329036
-1.0329036
-1.0329036
-1.0329036
-1.0329036
-1.0329036
-1.0329036
-1.0329036
-1.0329036
-1.0329036
-1.0329036
-1.0329036
-1.0329036
-1.0329036
-1.0329036
-1.0329036
-1.0329036
-1.0329036
-1.0329036
-1.0329036
-1.0810675
-1.0329036
-1.0329036
-1.0329036
-1.0329036
-1.0329036
-1.0329036
-1.0329036
-1.0329036
-1.0329036
-1.0329036
-1.0329036
-1.0329036
-1.0329036
-1.0329036
-1.0329036
-1.0329036
-1.0329036
-1.0329036
-1.0329036
-1.0329036
-1.0329036
-1.0329036
-1.0329036
-1.0329036
-1.0329036
-1.0329036
-1.0329036
-1.0329036
-1.0329036
-1.0329036
-1.0329036
-1.0329036
-1.0329036
-1.0329036
-1.0329036
-1.0329036
-1.0329036
-1.0329036
-1.0329036
-1.0329036
-1.0329036
-1.0329036
-1.0329036
-1.0329036
-1.0329036
-1.0329036
-1.0329036
-1.0329036
-1.0329036
-1.0329036
-1.0329036
-1.0329036
-1.0329036
-1.0329036
-1.0329036
-1.0329036
-1.0329036
-1.0329036
-1.0329036
-1.0329036
-1.0329036
-1.0329036
-1.0329036
-1.0329036
-1.0329036
-1.0329036
-1.0329036
-1.0329036
-1.0329036
-1.0329036
-1.0329036
-1.0329036
-1.0329036
-1.0329036
-1.0329036
-1.0329036
-1.0329036
-1.0329036
-1.0329036
-1.0329036
-1.0329036
-1.0329036
-1.0329036
-1.0329036
-1.0329036
-1.0329036
-1.0329036
-1.0329036
-1.0329036
-1.0329036
-1.0329036
-1.0329036
-1.0329036
-1.0329036
-1.0329036
-1.0329036
-1.0329036
-1.0329036
-1.0329036
-1.0329036
-1.0329036
-1.0329036
-1.0329036
-1.0329036
-1.0329036
-1.0329036
-1.0329036
-1.0329036
-1.0329036
-1.0329036
-1.0329036
-1.0329036
-1.0329036
-1.0329036
-1.0329036
-1.0329036
-1.0329036
-1.0329036
-1.0329036
-1.0329036
-1.0329036
-1.0329036
-1.0329036
-1.0329036
-1.0329036
-1.0329036
-1.0329036
-1.0329036
-1.0329036
-1.0329036
-1.0329036
-1.0329036
-1.0329036
-1.0329036
-1.0329036
-1.0329036
-1.0329036
-1.0329036
-1.0329036
-1.0329036
-1.0329036
-1.0329036
-1.0329036
-1.0329036
-1.0329036
-1.0329036
-1.0329036
-1.0329036
-1.0329036
-1.0329036
-1.0329036
-1.0329036
-1.0329036
-1.0329036
-1.0329036
-1.0329036
-1.0329036
-1.0329036
-1.0329036
-1.0329036
-1.0329036
-1.0329036
-1.0329036
-1.0329036
-1.0329036
-1.0329036
-1.0329036
-1.0329036
-1.0329036
-1.0329036
-1.0329036
-1.0329036
-1.0329036
-1.0329036
-1.0329036
-1.0329036
-1.0329036
-1.0329036
-1.0329036
-1.0329036
-1.0329036
-1.0329036
-1.0329036
-1.0329036
-1.0329036
-1.0329036
-1.0329036
-1.0329036
-1.0329036
-1.0329036
-1.0329036
-1.0329036
-1.0329036
-1.0329036
-1.0329036
-1.0329036
-1.0329036
-1.0329036
-1.0329036
-1.0329036
-1.0329036
-1.0329036
-1.0329036
-1.0329036
-1.0329036
-1.0329036
-1.0329036
-1.0329036
-1.0329036
-1.0329036
-1.0329036
-1.0329036
-1.0417577
-1.0329036
-1.0329036
-1.0329036
-1.0329036
-1.0329036
-1.0329036
-1.0329036
-1.0329036
-1.0329036
-1.0329036
-1.0329036
-1.0329036
-1.0329036
-1.0329036
-1.0329036
-1.0329036
-1.0329036
-1.0329036
-1.0329036
-1.0329036
-1.0329036
-1.0329036
-1.0329036
-1.0329036
-1.0329036
-1.0329036
-1.0329036
-1.0329036
-1.0329036
-1.0329036
-1.0329036
-1.0329036
-1.0329036
-1.0329036
-1.0329036
-1.0329036
-1.0329036
-1.0329036
-1.0329036
-1.0329036
-1.0329036
-1.0329036
-1.0329036
-1.0329036
-1.0329036
-1.0329036
-1.0329036
-1.0329036
-1.0329036
-1.0329036
-1.0329036
-1.0329036
-1.0329036
-1.0329036
-1.0329036
-1.0329036
-1.0329036
-1.0329036
-1.0329036
-1.0329036
-1.0329036
-1.0329036
-1.0329036
-1.0329036
-1.0329036
-1.0329036
-1.0329036
-1.0329036
-1.0329036
-1.0329036
-1.0329036
-1.0329036
-1.0329036
-1.0329036
-1.0329036
-1.0329036
-1.0329036
-1.0329036
-1.0329036
-1.0329036
-1.0329036
-1.0329036
-1.0329036
-1.0329036
-1.0329036
-1.0329036
-1.0329036
-1.0329036
-2.2158552
-1.0329036
-1.0329036
-1.0329036
-1.0329036
-1.0329036
-2.6015546
-1.0329036
-1.0329036
-1.0329036
-1.0329036
-1.0329036
-1.0329036
-1.0329036
-1.0329036
-1.0329036
-1.0329036
-1.0329036
-1.0329036
-1.0329036
-1.0329036
-1.0329036
-1.0329036
-1.0329036
-1.0329036
-1.0329036
-1.0329036
-1.0329036
-1.0329036
-1.0329036
-1.0329036
-1.0329036
-1.0329036
-1.0329036
-1.0329036
-1.0329036
-1.0329036
-1.0329036
-1.0329036
-1.0329036
-1.0329036
-1.0329036
-1.0329036
-1.0329036
-1.0329036
-1.0329036
-1.0329036
-1.0329036
-1.0329036
-1.0329036
-1.0329036
-1.0329036
-1.0329036
-1.0329036
-1.0329036
-1.0329036
-1.0329036
-1.0329036
-1.0329036
-1.0329036
-1.0329036
-1.0329036
-1.0329036
-1.0329036
-1.0329036
-1.0329036
-1.0329036
-1.0329036
-1.0329036
-1.0329036
-1.0329036
-1.0329036
-1.0329036
-1.0329036
-1.0329036
-1.0329036
-1.0329036
-1.0329036
-1.0329036
-1.0329036
-1.0329036
-1.0329036
-1.0329036
-1.0329036
-1.0329036
-1.0329036
-1.0329036
-1.0329036
-1.0329036
-1.0329036
-1.0329036
-1.0329036
-1.0329036
-1.0329036
-1.0329036
-1.0329036
-1.0329036
-1.0329036
-1.0329036
-1.0329036
-1.0329036
-1.0329036
-1.0329036
-1.0329036
-1.0329036
-1.0329036
-1.0329036
-1.0329036
-1.0329036
-1.0329036
-1.0329036
-1.0329036
-1.6705917
-1.0329036
-1.0329036
-1.0329036
-1.0329036
-1.0329036
-1.0329036
-1.0329036
-1.0329036
-1.0329036
-1.0329036
-1.0329036
-1.0329036
-1.0329036
-1.0329036
-1.0329036
-1.0329036
-1.0329036
-1.0329036
-1.0329036
-2.4570618
-1.0329036
-1.0329036
-1.0329036
-1.0329036
-1.0329036
-1.0329036
-1.0329036
-1.0329036
-1.0329036
-1.0329036
-1.0329036
-1.0329036
-1.0329036
-1.0329036
-1.0329036
-1.0329036
-1.0329036
-1.0329036
-1.0329036
-1.0329036
-1.0329036
-1.0329036
-1.0329036
-1.0329036
-1.0329036
-1.0329036
-1.0329036
-1.0329036
-1.0329036
-1.0329036
-1.0329036
-1.0329036
-1.0329036
-1.0329036
-1.0329036
-1.0329036
-1.0329036
-1.0329036
-1.0329036
-1.0329036
-1.0329036
-1.0329036
-1.0329036
-1.0329036
-1.0329036
-1.0329036
-1.0329036
-1.0329036
-1.0329036
-1.0329036
-1.0329036
-1.0329036
-1.0329036
-1.0329036
-1.0329036
-1.0329036
-1.0329036
-1.0329036
-1.0329036
-1.0329036
-1.0329036
-1.0329036
-1.0329036
-1.0329036
-1.0329036
-1.0329036
-1.0329036
-1.0329036
-1.0329036
-1.0329036
-1.0329036
-1.0329036
-1.0329036
-1.0329036
-1.0329036
-1.0329036
-1.0329036
-1.0329036
-1.0329036
-1.0329036
-1.0329036
-1.0329036
-1.0329036
-1.0329036
-1.0329036
-1.0329036
-1.0329036
-1.0329036
-1.0329036
-1.0329036
-1.0329036
-1.0329036
-1.0329036
-1.0329036
-1.0329036
-1.0329036
-1.0329036
-1.0329036
-1.0329036
-1.0329036
-1.0329036
-1.0329036
-1.0329036
-1.0329036
-1.0329036
-1.0329036
-1.0329036
-1.0329036
-1.0329036
-1.0329036
-1.0329036
-1.0329036
-1.0329036
-1.0329036
-1.0329036
-1.0329036
-1.0329036
-1.0329036
-1.0329036
-1.0329036
-1.0329036
-1.0329036
-1.0329036
-1.0329036
-1.0329036
-1.0329036
-1.0329036
-1.0329036
-1.0329036
-1.0329036
-1.0329036
-1.0329036
-1.0329036
-1.0329036
-1.0329036
-1.0329036
-1.0329036
-1.0329036
-1.0329036
-1.0329036
-1.0329036
-1.0329036
-1.0329036
-1.0329036
-1.0329036
-1.0329036
-1.0329036
-1.0329036
-1.0329036
-1.0329036
-1.0329036
-1.0329036
-1.0329036
-1.0329036
-1.0329036
-1.0329036
-1.0329036
-1.0329036
-1.0329036
-1.0329036
-1.0329036
-1.0329036
-1.0329036
-1.0329036
-1.0329036
-1.0329036
-1.0329036
-1.0329036
-1.0329036
-1.0329036
-1.0329036
-1.0329036
-1.0329036
-1.0329036
-1.0329036
-1.0329036
-1.0329036
-1.0329036
-1.0329036
-1.0329036
-1.0329036
-1.0329036
-1.0329036
-1.0329036
-1.0329036
-1.0329036
-1.0329036
-1.0329036
-1.0329036
-1.0329036
-1.0329036
-1.0329036
-1.0329036
-1.0329036
-1.0329036
-1.0329036
-1.0329036
-1.0329036
-1.0329036
-1.0329036
-1.0329036
-1.0329036
-1.0329036
-1.0329036
-1.0329036
-1.0329036
-1.0329036
-1.0329036
-1.0329036
-1.0329036
-1.0329036
-1.0329036
-1.0329036
-1.0329036
-1.0329036
-1.0329036
-1.0329036
-1.0329036
-1.0329036
-1.0329036
-1.0329036
-1.0329036
-1.0329036
-1.0329036
-1.0329036
-1.0329036
-1.0329036
-1.0329036
-1.0329036
-1.0329036
-1.0329036
-1.0329036
-1.0329036
-1.0329036
-1.0329036
-1.0329036
-1.0329036
-1.0329036
-1.0329036
-1.0329036
-1.0329036
-1.0329036
-1.0329036
-1.0329036
-1.0329036
-1.0329036
-1.0329036
-1.0329036
-1.0329036
-1.0329036
-1.0329036
-1.0329036
-1.0329036
-1.0329036
-1.0329036
-1.0329036
-1.0329036
-1.0329036
-1.0329036
-1.0329036
-1.0329036
-1.0329036
-1.0329036
-1.0329036
-1.0329036
-1.0329036
-1.0329036
-1.0329036
-1.0329036
-1.0329036
-1.0329036
-1.0329036
-1.0329036
-1.0329036
-1.0329036
-1.0329036
-1.0329036
-1.0329036
-1.0329036
-1.0329036
-1.0329036
-1.0329036
-1.0329036
-1.0329036
-1.0329036
-1.0329036
-1.0329036
-1.0329036
-1.0329036
-1.0329036
-1.0329036
-1.0329036
-1.0329036
-1.0329036
-1.0329036
-1.0329036
-1.0329036
-1.0329036
-1.0329036
-1.0329036
-1.0329036
-1.0329036
-1.0329036
-1.0329036
-1.0329036
-1.0329036
-1.0329036
-1.0329036
-1.0329036
-1.0329036
-1.0329036
-1.0329036
-1.0329036
-1.0329036
-1.0329036
-1.0329036
-1.0329036
-1.0329036
-1.0329036
-1.0329036
-1.0329036
-1.0329036
-1.0329036
-1.0329036
-1.0329036
-1.0329036
-1.0329036
-1.0329036
-1.0329036
-1.0329036
-1.0329036
-1.0329036
-1.0329036
-1.0329036
-1.0329036
-1.0329036
-1.0329036
-1.0329036
-1.0329036
-1.0329036
-1.0329036
-1.0329036
-1.0329036
-1.0329036
-1.0329036
-1.0329036
-1.0329036
-1.0329036
-1.0329036
-1.0329036
-1.0329036
-1.0329036
-1.0329036
-1.0329036
-1.0329036
-1.0329036
-1.0329036
-1.0329036
-1.0329036
-1.0329036
-1.0329036
-1.0329036
-1.0329036
-1.0329036
-1.0329036
-1.0329036
-1.0329036
-1.0329036
-1.0329036
-1.0329036
-1.0329036
-1.0329036
-1.0329036
-1.0329036
-1.0329036
-1.0329036
-1.0329036
-1.0329036
-1.0329036
-1.0329036
-1.0329036
-1.0329036
-1.0329036
-1.0329036
-1.0329036
-1.0329036
-1.0329036
-1.0329036
-1.0329036
-1.0329036
-1.0329036
-1.0329036
-1.0329036
-1.0329036
-1.0329036
-1.0329036
-1.0329036
-1.0329036
-1.0329036
-1.0329036
-1.0329036
-1.0329036
-1.0329036
-1.0329036
-1.0329036
-1.0329036
-1.0329036
-1.0329036
-1.0329036
-1.0329036
-1.0329036
-1.0329036
-1.0329036
-1.0329036
-1.0329036
-1.0329036
-1.0329036
-1.0329036
-1.0329036
-1.0329036
-1.0329036
-1.0329036
-1.0329036
-1.0329036
-1.0329036
-1.0329036
-1.0329036
-1.0329036
-1.0329036
-1.0329036
-1.0329036
-1.0329036
-1.0329036
-1.0329036
-1.0329036
-1.0329036
-1.0329036
-1.0329036
-1.0329036
-1.0329036
-1.0329036
-1.0329036
-1.0329036
-1.0329036
-1.0329036
-1.0329036
-1.0329036
-1.0329036
-1.0329036
-1.0329036
-1.0329036
-1.0329036
-1.0329036
-1.0329036
-1.0329036
-1.0329036
-1.0329036
-1.0329036
-1.0329036
-1.0329036
-1.0329036
-1.0329036
-1.0329036
-1.0329036
-1.0329036
-1.0329036
-1.0329036
-1.0329036
-1.0329036
-1.0329036
-1.0329036
-1.0329036
-1.0329036
-1.0329036
-1.0329036
-1.0329036
-1.0329036
-1.0329036
-1.0329036
-1.0329036
-1.0329036
-1.0329036
-1.0329036
-1.0329036
-1.0329036
-1.0329036
-1.0329036
-1.0329036
-1.0329036
-1.0329036
-1.0329036
-1.0329036
-1.0329036
-1.0329036
-1.0329036
-1.0329036
-1.0329036
-1.0329036
-1.0329036
-1.0329036
-1.0329036
-1.0329036
-1.0329036
-1.0329036
-1.0329036
-1.0329036
-1.0329036
-1.0329036
-1.0329036
-1.0329036
-1.0329036
-1.0329036
-1.0329036
-1.0329036
-1.0329036
-1.0329036
-1.0329036
-1.0329036
-1.0329036
-1.0329036
-1.0329036
-1.0329036
-1.0329036
-1.0329036
-1.0329036
-1.0329036
-1.0329036
-1.0329036
-1.0329036
-1.0329036
-1.0329036
-1.0329036
-1.0329036
-1.0329036
-1.0329036
-1.0329036
-1.0329036
-1.0329036
-1.0329036
-1.0329036
-1.0329036
-1.0329036
-1.0329036
-1.0329036
-1.0329036
-1.0329036
-1.0329036
-1.0329036
-1.0329036
-1.0329036
-1.0329036
-1.0329036
-1.1682008
-1.0329036
-1.0329036
-1.0329036
-1.0329036
-1.0329036
-1.0329036
-1.0329036
-1.0329036
-1.0329036
-1.0329036
-1.0329036
-1.0329036
-1.0329036
-1.0329036
-1.0329036
-1.0329036
-1.0329036
-1.0329036
-1.0329036
-1.0329036
-1.0329036
-1.0329036
-1.0329036
-1.0329036
-1.0329036
-1.0329036
-1.0329036
-1.0329036
-1.0329036
-1.0329036
-1.0329036
-1.0329036
-1.0329036
-1.0329036
-1.0329036
-1.0329036
-1.0329036
-1.0329036
-1.0329036
-1.0329036
-1.0329036
-1.0329036
-1.0329036
-1.0329036
-1.0329036
-1.0329036
-1.0329036
-1.0329036
-1.0329036
-1.0329036
-1.0329036
-1.0329036
-1.0329036
-1.0329036
-1.0329036
-1.0329036
-1.0329036
-1.0329036
-1.0329036
-1.0329036
-1.0329036
-1.0329036
-1.0329036
-1.0329036
-1.0329036
-1.0329036
-1.0329036
-1.0329036
-1.0329036
-1.0329036
-1.0329036
-1.0329036
-2.2043637
-1.0329036
-1.0329036
-1.0329036
-1.0329036
-1.0329036
-1.0329036
-1.0329036
-1.0329036
-1.0329036
-1.0329036
-1.0329036
-1.0329036
-1.0329036
-1.0329036
-1.0329036
-1.0329036
-1.0329036
-1.0329036
-1.0329036
-1.0329036
-1.0329036
-1.0329036
-1.0329036
-1.0329036
-1.0329036
-1.0329036
-1.0329036
-1.0329036
-1.0329036
-1.0329036
-1.0329036
-1.0329036
-1.0329036
-1.0329036
-1.0329036
-1.0329036
-1.0329036
-1.0329036
-1.0329036
-1.0329036
-1.0329036
-1.0329036
-1.0329036
-1.0329036
-1.0329036
-1.0329036
-1.0329036
-1.0329036
-1.0329036
-1.0329036
-1.0329036
-1.0329036
-1.0329036
-1.0329036
-1.0329036
-1.0329036
-1.0329036
-1.0329036
-1.0329036
-1.0329036
-1.0329036
-1.0329036
-1.0329036
-1.0329036
-1.0329036
-1.0329036
-1.0329036
-1.0329036
-1.0329036
-1.0329036
-1.0329036
-1.0329036
-1.0329036
-1.0329036
-1.0329036
-1.0329036
-1.0329036
-1.0329036
-1.0329036
-1.0329036
-1.0329036
-1.0329036
-1.0329036
-1.0329036
-1.0329036
-1.0329036
-1.0329036
-1.0329036
-1.0329036
-1.0329036
-1.0329036
-1.0329036
-1.0329036
-1.0329036
-1.0329036
-1.0329036
-1.0329036
-1.0329036
-1.0329036
-1.0329036
-1.0329036
-1.0329036
-1.0329036
-1.0329036
-1.0329036
-1.0329036
-1.0329036
-1.0329036
-1.0329036
-1.0329036
-1.0329036
-1.0329036
-1.0329036
-1.0329036
-1.0329036
-1.0329036
-1.0329036
-1.0329036
-1.0329036
-1.0329036
-1.0329036
-1.0329036
-1.0329036
-1.0329036
-1.0329036
-1.0329036
-1.0329036
-1.0329036
-1.0329036
-1.0329036
-1.0329036
-1.0329036
-1.0329036
-1.0329036
-1.0329036
-1.0329036
-1.0329036
-1.0329036
-1.0329036
-1.0329036
-1.0329036
-1.0329036
-1.0329036
-1.0329036
-1.0329036
-1.0329036
-1.0329036
-1.0329036
-1.0329036
-1.0329036
-1.0329036
-1.0329036
-1.0329036
-1.0329036
-1.0329036
-1.0329036
-1.0329036
-1.0329036
-1.0329036
-1.0329036
-1.0329036
-1.0329036
-1.0329036
-1.0329036
-1.0329036
-1.0329036
-1.0329036
-1.0329036
-1.0329036
-1.0329036
-1.0329036
-1.0329036
-1.0329036
-1.0329036
-1.0329036
-1.0329036
-1.0329036
-1.0329036
-1.0329036
-1.0329036
-1.0329036
-1.0329036
-1.0329036
-1.0329036
-1.0329036
-1.0329036
-1.0329036
-1.0329036
-1.0329036
-1.0329036
-1.0329036
-1.0329036
-1.0329036
-1.0329036
-1.0329036
-1.0329036
-1.0329036
-1.0329036
-1.0329036
-1.0329036
-1.0329036
-1.0329036
-1.0329036
-1.0329036
-1.0329036
-1.0329036
-1.0329036
-1.0329036
-1.0329036
-1.0329036
-1.0329036
-1.0329036
-1.0329036
-1.0329036
-1.0329036
-1.0329036
-1.0329036
-1.0329036
-1.0329036
-1.0329036
-1.0329036
-1.0329036
-1.0329036
-1.0329036
-1.0329036
-1.0329036
-1.0329036
-1.0329036
-1.0329036
-1.0329036
-1.0329036
-1.0329036
-1.0329036
-1.0329036
-1.0329036
-1.0329036
-1.0329036
-1.0329036
-1.0329036
-1.0329036
-1.0329036
-1.0329036
-1.0329036
-1.0329036
-1.0329036
-1.0329036
-1.0329036
-1.0329036
-1.0329036
-1.0329036
-1.0329036
-1.0329036
-1.0329036
-1.0329036
-1.0329036
-1.0329036
-1.0329036
-1.0329036
-1.0329036
-1.0329036
-1.0329036
-1.0329036
-1.0329036
-1.0329036
-1.0329036
-1.0329036
-1.0329036
-1.0329036
-1.0329036
-1.0329036
-1.0329036
-1.0329036
-1.0329036
-1.0329036
-1.0329036
-1.0329036
-1.0329036
-1.0329036
-1.0329036
-1.0329036
-1.0329036
-1.0329036
-1.0329036
-1.0329036
-1.0329036
-1.0329036
-1.0329036
-1.0329036
-1.0329036
-1.0329036
-1.0329036
-1.0329036
-1.0329036
-1.0329036
-1.0329036
-1.0329036
-1.0329036
-1.0329036
-1.0329036
-1.0329036
-1.0329036
-1.0329036
-1.0329036
-1.0329036
-1.0329036
-1.0329036
-1.0329036
-1.0329036
-1.0329036
-1.0329036
-1.0329036
-1.0329036
-1.0329036
-1.0329036
-1.0329036
-1.0329036
-1.0329036
-1.0329036
-1.0329036
-1.0329036
-1.0329036
-1.0329036
-1.0329036
-1.0329036
-1.0329036
-1.0329036
-1.0329036
-1.0329036
-1.0329036
-1.0329036
-1.0329036
-1.0329036
-1.0329036
-1.0329036
-1.0329036
-1.0329036
-1.0329036
-1.0329036
-1.0329036
-1.0329036
-1.0329036
-1.0329036
-1.0329036
-1.0329036
-1.0329036
-1.0329036
-1.0329036
-1.0329036
-1.0329036
-1.0329036
-1.0329036
-1.0329036
-1.0329036
-1.0329036
-1.0329036
-1.0329036
-1.0329036
-1.0329036
-1.0329036
-1.0329036
-1.0329036
-1.0329036
-1.0329036
-1.0329036
-1.0329036
-1.0329036
-1.0329036
-1.0329036
-1.0329036
-1.0329036
-1.0329036
-1.0329036
-1.0329036
-1.0329036
-1.0329036
-1.0329036
-1.0329036
-1.0329036
-1.0329036
-1.0329036
-1.0329036
-1.0329036
-1.0329036
-1.0329036
-1.0329036
-1.0329036
-1.0329036
-1.0329036
-1.0329036
-1.0329036
-1.0329036
-1.0329036
-1.0329036
-1.0329036
-1.0329036
-1.0329036
-1.0329036
-1.0329036
-1.0329036
-1.0329036
-1.0329036
-1.0329036
-1.0329036
-1.0329036
-1.0329036
-1.0329036
-1.0329036
-1.0329036
-1.0329036
-1.0329036
-1.0329036
-1.0329036
-1.0329036
-1.0329036
-1.0329036
-1.0329036
-1.0329036
-1.0329036
-1.0329036
-1.0329036
-1.0329036
-1.0329036
-1.0329036
-1.0329036
-1.0329036
-1.0329036
-1.0329036
-1.0329036
-1.0329036
-1.0329036
-1.0329036
-1.0329036
-1.0329036
-1.0329036
-1.0329036
-1.0329036
-1.0329036
-1.0329036
-1.0329036
-1.0329036
-1.0329036
-1.0329036
-1.0329036
-1.0329036
-1.0329036
-1.0329036
-1.0329036
-1.0329036
-1.0329036
-1.0329036
-1.0329036
-1.0329036
-1.0329036
-1.0329036
-1.0329036
-1.0329036
-1.0329036
-1.0329036
-1.0329036
-1.0329036
-1.0329036
-1.0329036
-1.0329036
-1.0329036
-1.0329036
-1.0329036
-1.0329036
-1.0329036
-1.0329036
-1.0329036
-1.0329036
-1.0329036
-1.0329036
-1.0329036
-1.0329036
-1.0329036
-1.0329036
-1.0329036
-1.0329036
-1.0329036
-1.0329036
-1.0329036
-1.0329036
-1.0329036
-1.0329036
-1.0329036
-1.0329036
-1.0329036
-1.0329036
-1.0329036
-1.0329036
-1.0329036
-1.0329036
-1.0329036
-1.0329036
-1.0329036
-1.0329036
-1.0329036
-1.0329036
-1.0329036
-1.0329036
-1.0329036
-1.0329036
-1.0329036
-1.0329036
-1.0329036
-1.0329036
-1.0329036
-1.0329036
-1.0329036
-1.0329036
-1.0329036
-1.0329036
-1.0329036
-1.0329036
-1.0329036
-1.0329036
-1.0329036
-1.0329036
-1.0329036
-1.0329036
-1.0329036
-1.0329036
-1.0329036
-1.0329036
-1.0329036
-1.0329036
-1.0329036
-1.0329036
-1.0329036
-1.0329036
-1.0329036
-1.0329036
-1.0329036
-1.0329036
-1.0329036
-1.0329036
-1.0329036
-1.0329036
-1.0329036
-1.0329036
-1.0329036
-1.0329036
-1.0329036
-1.0329036
-1.0329036
-1.0329036
-1.0329036
-1.0329036
-1.0329036
-1.0329036
-1.0329036
-1.0329036
-1.0329036
-1.0329036
-1.0329036
-1.0329036
-1.0329036
-1.0329036
-1.0329036
-1.0329036
-1.0329036
-1.0329036
-1.0329036
-1.0329036
-1.0329036
-1.0329036
-1.0329036
-1.0329036
-1.0329036
-1.0329036
-1.0329036
-1.0329036
-1.0329036
-1.6498357
-1.0329036
-1.0329036
-1.0329036
-1.0329036
-1.0329036
-1.0329036
-1.0329036
-1.0329036
-1.0329036
-1.0329036
-1.0329036
-1.0329036
-1.0329036
-1.0329036
-1.0329036
-1.0329036
-1.0329036
-1.0329036
-1.0329036
-1.0329036
-1.0329036
-1.0329036
-1.0329036
-1.0329036
-1.0329036
-1.0329036
-1.0329036
-1.0329036
-1.0329036
-1.0329036
-1.0329036
-1.0329036
-1.0329036
-1.0329036
-1.0329036
-1.0329036
-1.0329036
-1.0329036
-1.0329036
-1.0329036
-1.0329036
-1.0329036
-1.0329036
-1.0329036
-1.0329036
-1.0329036
-1.0329036
-1.0329036
-1.0329036
-1.0329036
-1.0329036
-1.0329036
-1.0329036
-1.0329036
-1.0329036
-1.0329036
-1.0329036
-1.0329036
-1.0329036
-1.0329036
-1.0329036
-1.0329036
-1.0329036
-1.0329036
-1.0329036
-1.0329036
-1.0329036
-1.0329036
-1.0329036
-1.0329036
-1.0329036
-1.0329036
-1.0329036
-1.0329036
-1.0329036
-1.0329036
-1.0329036
-1.0329036
-1.0329036
-1.0329036
-1.0329036
-1.0329036
-1.0329036
-1.0329036
-1.0329036
-1.0329036
-1.0329036
-1.0329036
-1.0329036
-1.0329036
-1.0329036
-1.0329036
-1.0329036
-1.0329036
-1.0329036
-1.0329036
-1.0329036
-1.0329036
-1.0329036
-1.0329036
-1.0329036
-1.0329036
-1.0329036
-1.0329036
-1.0329036
-1.0329036
-1.0329036
-1.0329036
-1.0329036
-1.0329036
-1.0329036
-1.0329036
-1.0329036
-1.0329036
-0.75376861
-1.0329036
-1.0329036
-1.0329036
-1.0329036
-1.0329036
-1.0329036
-1.0329036
-1.0329036
-1.0329036
-1.0329036
-1.0329036
-1.0329036
-1.0329036
-1.0329036
-1.0329036
-1.0329036
-1.0329036
-1.0329036
-1.0329036
-1.0329036
-1.0329036
-1.0329036
-1.0329036
-1.0329036
-1.0329036
-1.0329036
-1.0329036
-1.0329036
-1.0329036
-1.0329036
-1.0329036
-1.0329036
-1.0329036
-1.0329036
-1.0329036
-1.0329036
-1.0329036
-1.0329036
-1.0329036
-1.0329036
-1.0329036
-1.0329036
-1.0329036
-1.0329036
-1.0329036
-1.0329036
-1.0329036
-1.0329036
-1.0329036
-1.0329036
-1.0329036
-1.0329036
-1.0329036
-1.0329036
-1.0329036
-1.0329036
-1.0329036
-1.0329036
-1.0329036
-1.0329036
-1.0329036
-1.0329036
-1.0329036
-1.0329036
-1.0329036
-1.0329036
-1.0329036
-1.0329036
-1.0329036
-1.0329036
-1.0329036
-1.0329036
-1.0329036
-1.0329036
-1.0329036
-1.0329036
-1.0329036
-1.0329036
-1.0329036
-1.0329036
-1.0329036
-1.0329036
-1.0329036
-1.0329036
-1.0329036
-1.0329036
-1.0329036
-1.0329036
-1.0329036
-1.0329036
-1.0329036
-1.0329036
-1.0329036
-1.0329036
-1.0329036
-1.0329036
-1.0329036
-1.0329036
-1.0329036
-1.0329036
-1.0329036
-1.0329036
-1.0329036
-1.0329036
-1.0329036
-1.0329036
-1.0329036
-1.0329036
-1.0329036
-1.0329036
-1.0329036
-1.0329036
-1.0329036
-1.0329036
-1.0329036
-1.0329036
-1.0329036
-1.0329036
-1.0329036
-1.0329036
-1.0329036
-1.0329036
-1.0329036
-1.0329036
-1.0329036
-1.0329036
-1.0329036
-1.0329036
-1.0329036
-1.0329036
-1.0329036
-1.0329036
-1.0329036
-1.0329036
-1.0329036
-1.0329036
-1.0329036
-1.0329036
-1.0329036
-1.0329036
-1.0329036
-1.0329036
-1.0329036
-1.0329036
-1.0329036
-1.0329036
-1.0329036
-1.0329036
-1.0329036
-1.0329036
-1.0329036
-1.0329036
-1.0329036
-1.0329036
-1.0329036
-1.0329036
-1.0329036
-1.0329036
-1.0329036
-1.0329036
-1.0329036
-1.0329036
-1.0329036
-1.0329036
-1.0329036
-1.0329036
-1.0329036
-1.0329036
-1.0329036
-1.0329036
-1.0329036
-1.0329036
-1.0329036
-1.0329036
-1.0329036
-1.0329036
-1.0329036
-1.0329036
-1.0329036
-1.0329036
-1.0329036
-1.0329036
-1.0329036
-1.0329036
-1.0329036
-1.0329036
-1.2582774
-1.0329036
-1.0329036
-1.0329036
-1.0329036
-1.0329036
-1.0329036
-1.0329036
-1.0329036
-1.0329036
-1.0329036
-1.0329036
-1.0329036
-1.0329036
-1.0329036
-1.0329036
-1.0329036
-1.0329036
-1.0329036
-1.0329036
-1.0329036
-1.0329036
-1.0329036
-1.0329036
-1.0329036
-1.0329036
-1.7347976
-1.0329036
-1.0329036
-1.0329036
-1.0329036
-1.0329036
-1.0329036
-1.0329036
-1.0329036
-1.0329036
-1.0329036
-1.0329036
-1.0329036
-1.0329036
-1.0329036
-1.0329036
-1.0329036
-1.0329036
-1.0329036
-1.0329036
-1.0329036
-1.0329036
-1.0329036
-1.0329036
-1.0329036
-1.0329036
-1.0329036
-1.0329036
-1.0329036
-1.0329036
-1.0329036
-1.0329036
-1.0329036
-1.0329036
-1.0329036
-1.0329036
-1.0329036
-1.0329036
-1.0329036
-1.0329036
-1.0329036
-2.6015546
-1.0329036
-1.0329036
-1.0329036
-1.0329036
-1.0329036
-1.0329036
-1.0329036
-1.0329036
-1.0329036
-1.0329036
-1.0329036
-1.0329036
-1.0329036
-1.0329036
-1.0329036
-1.0329036
-1.0329036
-1.0329036
-1.0329036
-1.0329036
-1.0329036
-1.0329036
-1.0329036
-1.0329036
-1.0329036
-1.0329036
-1.0329036
-1.0329036
-1.0329036
-1.0329036
-1.0329036
-1.0329036
-1.0329036
-1.0329036
-1.0329036
-1.0329036
-1.0329036
-1.0329036
-1.0329036
-1.0329036
-1.0329036
-1.0329036
-1.0329036
-1.0329036
-1.0329036
-1.0329036
-1.0329036
-1.0329036
-1.0329036
-1.0329036
-1.0329036
-1.0329036
-1.0329036
-1.0329036
-1.0329036
-1.0329036
-1.0329036
-1.0329036
-1.0329036
-1.0329036
-1.0329036
-1.0329036
-1.0329036
-1.0329036
-1.0329036
-1.0329036
-1.0329036
-1.0329036
-1.0329036
-1.0329036
-1.0329036
-1.0329036
-1.0329036
-1.0329036
-1.0329036
-1.0329036
-1.0329036
-1.0329036
-1.0329036
-1.0329036
-1.0329036
-1.0329036
-1.0329036
-1.0329036
-1.0329036
-1.0329036
-1.0329036
-1.0329036
-1.0329036
-1.0329036
-1.0329036
-1.0329036
-1.0329036
-1.0329036
-1.0329036
-1.0329036
-1.0329036
-1.0329036
-1.0329036
-1.0329036
-1.0329036
-1.0329036
-1.0329036
-1.0329036
-1.0329036
-1.0329036
-1.0329036
-1.0329036
-1.0329036
-1.0329036
-1.0329036
-1.0329036
-1.0329036
-1.0329036
-1.0329036
-1.0329036
-1.0329036
-1.0329036
-1.0329036
-1.0329036
-1.0329036
-1.0329036
-1.0329036
-1.0329036
-1.0329036
-1.0329036
-1.0329036
-1.0329036
-1.0329036
-1.0329036
-1.0329036
-1.0329036
-1.0329036
-1.0329036
-1.0329036
-1.0329036
-1.0329036
-1.0329036
-1.0329036
-1.0329036
-1.0329036
-1.0329036
-1.0329036
-1.0329036
-1.0329036
-1.0329036
-1.0329036
-1.0329036
-1.0329036
-1.0329036
-1.0329036
-1.0329036
-1.0329036
-1.0329036
-1.0329036
-1.0329036
-1.0329036
-1.0329036
-1.0329036
-1.0329036
-1.0329036
-1.0329036
-1.0329036
-1.0329036
-1.0329036
-1.0329036
-1.0329036
-1.0329036
-1.0329036
-1.0329036
-1.0329036
-1.0329036
-1.0329036
-1.0329036
-1.0329036
-1.0329036
-1.0329036
-1.0329036
-1.0329036
-1.0329036
-1.0329036
-1.0329036
-1.0329036
-1.0329036
-1.0329036
-1.0329036
-1.0329036
-1.0329036
-1.0329036
-1.0329036
-1.0329036
-1.0329036
-1.0329036
-1.0329036
-1.0329036
-1.0329036
-1.0329036
-1.0329036
-1.0329036
-1.0329036
-1.0329036
-1.0329036
-1.0329036
-1.0329036
-1.0329036
-1.0329036
-1.0329036
-1.0329036
-1.0329036
-1.0329036
-1.0329036
-1.0329036
-1.0329036
-1.0329036
-1.0329036
-1.0329036
-1.0329036
-1.0329036
-1.0329036
-1.0329036
-1.0329036
-1.0329036
-1.0329036
-1.0329036
-1.0329036
-1.0329036
-1.0329036
-1.0329036
-1.0329036
-1.0329036
-1.0329036
-1.0329036
-1.0329036
-1.0329036
-1.0329036
-1.0329036
-1.0329036
-1.0329036
-1.0329036
-1.0329036
-1.0329036
-1.0329036
-1.0329036
-1.0329036
-1.0329036
-1.0329036
-1.0329036
-1.0329036
-1.0329036
-1.0329036
-1.0329036
-1.0329036
-1.0329036
-1.0329036
-1.0329036
-1.0329036
-1.0329036
-1.0329036
-1.0329036
-1.0329036
-1.0329036
-1.0329036
-1.0329036
-1.0329036
-1.0329036
-1.0329036
-1.0329036
-1.0329036
-1.0329036
-1.0329036
-1.0329036
-1.0329036
-1.0329036
-1.0329036
-1.0329036
-1.0329036
-1.0329036
-1.0329036
-1.0329036
-1.0329036
-1.0329036
-1.0329036
-1.0329036
-1.0329036
-1.0329036
-1.0329036
-1.0329036
-1.0329036
-1.0329036
-1.0329036
-1.0329036
-1.0329036
-1.0329036
-1.0329036
-1.0329036
-1.0329036
-1.0329036
-1.0329036
-1.0329036
-1.0329036
-1.0329036
-1.0329036
-1.0329036
-1.0329036
-1.0329036
-1.0329036
-1.0329036
-1.0329036
-1.0329036
-1.0329036
-1.0329036
-1.0329036
-1.0329036
-1.0329036
-1.0329036
-1.0329036
-1.0329036
-1.0329036
-1.0329036
-1.0329036
-1.0329036
-1.0329036
-1.0329036
-1.0329036
-1.0329036
-1.0329036
-1.0329036
-1.0329036
-1.0329036
-1.0329036
-1.0329036
-2.151086
-1.0329036
-1.0329036
-1.0329036
-1.0329036
-1.0329036
-1.0329036
-1.0329036
-1.0329036
-1.0329036
-1.0329036
-1.0329036
-1.0329036
-1.0329036
-1.0329036
-1.0329036
-1.0329036
-1.0329036
-1.0329036
-1.0329036
-1.0329036
-1.0329036
-1.0329036
-1.0329036
-1.0329036
-1.0329036
-1.0329036
-1.0329036
-1.0329036
-1.0329036
-1.0329036
-1.0329036
-1.0329036
-1.0329036
-1.0329036
-1.0329036
-1.0329036
-1.0329036
-1.0329036
-1.0329036
-1.0329036
-1.0329036
-1.0329036
-1.0329036
-1.0329036
-1.0329036
-1.0329036
-1.0329036
-1.0329036
-1.0329036
-1.0329036
-1.0329036
-1.0329036
-1.0329036
-1.0329036
-1.0329036
-1.0329036
-1.0329036
-1.0329036
-1.0329036
-1.0329036
-1.0329036
-1.0329036
-1.0329036
-1.0329036
-1.0329036
-1.0329036
-1.0329036
-1.0329036
-1.0329036
-1.0329036
-1.0329036
-1.0329036
-1.0329036
-1.0329036
-1.0329036
-1.0329036
-1.0329036
-1.0329036
-1.0329036
-1.0329036
-1.0329036
-1.0329036
-1.0329036
-1.0329036
-1.0329036
-1.0329036
-1.0329036
-1.0329036
-1.0329036
-1.0329036
-1.0329036
-1.0329036
-1.0329036
-1.0329036
-1.0329036
-1.0329036
-1.0329036
-1.0329036
-1.0329036
-1.0329036
-1.0329036
-1.0329036
-1.0329036
-1.0329036
-1.4320822
-1.0329036
-1.0329036
-1.0329036
-1.0329036
-1.0329036
-1.0329036
-1.0329036
-1.0329036
-1.0329036
-1.0329036
-1.0329036
-1.0329036
-1.0329036
-1.0329036
-1.0329036
-1.0329036
-1.0329036
-1.0329036
-1.0329036
-1.0329036
-1.0329036
-1.0329036
-1.0329036
-1.0329036
-1.0329036
-1.0329036
-1.0329036
-1.0329036
-1.0329036
-1.0329036
-1.0329036
-1.0329036
-1.0329036
-1.0329036
-1.0329036
-1.0329036
-1.0329036
-1.0329036
-1.0329036
-1.0329036
-1.0329036
-1.0329036
-1.0329036
-1.0329036
-1.0329036
-1.0329036
-1.0329036
-1.0329036
-1.0329036
-1.0329036
-1.0329036
-1.0329036
-1.0329036
-1.0329036
-1.0329036
-1.0329036
-1.0329036
-1.0329036
-1.0329036
-1.0329036
-1.0329036
-1.0329036
-1.0329036
-1.0329036
-1.0329036
-1.0329036
-1.0329036
-1.0329036
-1.0329036
-1.0329036
-1.0329036
-1.0329036
-1.0329036
-1.0329036
-1.0329036
-1.0329036
-1.0329036
-1.0329036
-1.0329036
-1.0329036
-1.0329036
-1.0329036
-1.0329036
-1.0329036
-1.0329036
-1.0329036
-1.0329036
-1.0329036
-1.0329036
-1.0329036
-1.0329036
-1.0329036
-1.0329036
-1.0329036
-1.0329036
-1.0329036
-1.0329036
-1.0329036
-1.0329036
-1.0329036
-1.0329036
-1.0329036
-1.0329036
-1.0329036
-1.0329036
-1.0329036
-1.0329036
-1.0329036
-1.0329036
-1.0329036
-1.0329036
-1.0329036
-1.0329036
-1.0329036
-1.0329036
-1.0329036
-1.0329036
-1.0329036
-1.0329036
-1.0329036
-1.0329036
-1.0329036
-1.0329036
-1.0329036
-1.0329036
-1.0329036
-1.0329036
-1.0329036
-1.0329036
-1.0329036
-1.0329036
-1.0329036
-1.0329036
-1.0329036
-1.0329036
-1.0329036
-1.0329036
-1.0329036
-1.0329036
-1.0329036
-1.0329036
-1.0329036
-1.0329036
-1.0329036
-1.0329036
-1.0329036
-1.0329036
-1.0329036
-1.0329036
-1.0329036
-1.0329036
-1.0329036
-1.0329036
-1.0329036
-1.0329036
-1.0329036
-1.0329036
-1.0329036
-1.0329036
-1.0329036
-1.0329036
-1.0329036
-1.0329036
-1.0329036
-1.0329036
-1.0329036
-1.0329036
-1.0329036
-1.0329036
-1.0329036
-1.0329036
-1.0329036
-1.0329036
-1.0329036
-1.0329036
-1.0329036
-1.0329036
-1.0329036
-1.0329036
-1.0329036
-1.0329036
-1.0329036
-1.0329036
-1.0329036
-1.0329036
-1.0329036
-1.0329036
-1.0329036
-1.0329036
-1.0329036
-1.0329036
-1.0329036
-1.0329036
-1.0329036
-1.0329036
-1.0329036
-1.0329036
-1.0329036
-1.0329036
-1.0329036
-1.0329036
-1.0329036
-1.0329036
-1.0329036
-1.0329036
-1.0329036
-1.0329036
-1.0329036
-1.0329036
-1.0329036
-1.0329036
-1.0329036
-1.0329036
-1.0329036
-1.0329036
-1.0329036
-1.0329036
-1.0329036
-1.0329036
-1.0329036
-1.0329036
-1.0329036
-1.0329036
-1.0329036
-1.0329036
-1.0329036
-1.0329036
-1.0329036
-1.0329036
-1.0329036
-1.0329036
-1.0329036
-1.0329036
-1.0329036
-1.0329036
-1.0329036
-1.0329036
-1.0329036
-1.0329036
-1.0329036
-1.0329036
-1.0329036
-1.0329036
-1.0329036
-1.0329036
-1.0329036
-1.0329036
-1.0329036
-1.0329036
-1.0329036
-1.0329036
-1.0329036
-1.0329036
-1.0329036
-1.0329036
-1.0329036
-1.0329036
-1.0329036
-1.0329036
-1.0329036
-1.0329036
-1.0329036
-1.0329036
-1.0329036
-1.0329036
-1.0329036
-1.0329036
-1.0329036
-1.0329036
-1.0329036
-1.0329036
-1.0329036
-1.0329036
-1.0329036
-1.0329036
-1.0329036
-1.0329036
-1.0329036
-1.0329036
-1.0329036
-1.0329036
-1.0329036
-1.0329036
-1.0329036
-1.0329036
-1.0329036
-1.0329036
-1.0329036
-1.0329036
-1.0329036
-1.0329036
-1.0329036
-1.0329036
-1.0329036
-1.0329036
